{
 "cells": [
  {
   "cell_type": "code",
   "execution_count": 33,
   "id": "774a1cf9",
   "metadata": {},
   "outputs": [],
   "source": [
    "import pickle\n",
    "import numpy as np\n"
   ]
  },
  {
   "cell_type": "code",
   "execution_count": 34,
   "id": "947b7eda",
   "metadata": {},
   "outputs": [],
   "source": [
    "with open('/sietch_colab/akapoor/pg_gpu/traditional/MomentsLD_results/means.varcovs.traditional.100_reps.bp', 'rb') as f:\n",
    "    traditional_data = pickle.load(f)"
   ]
  },
  {
   "cell_type": "code",
   "execution_count": 35,
   "id": "5079122e",
   "metadata": {},
   "outputs": [
    {
     "data": {
      "text/plain": [
       "{'bins': [(np.float64(0.0), np.float64(1e-06)),\n",
       "  (np.float64(1e-06), np.float64(1.584893192461114e-06)),\n",
       "  (np.float64(1.584893192461114e-06), np.float64(2.5118864315095823e-06)),\n",
       "  (np.float64(2.5118864315095823e-06), np.float64(3.981071705534969e-06)),\n",
       "  (np.float64(3.981071705534969e-06), np.float64(6.30957344480193e-06)),\n",
       "  (np.float64(6.30957344480193e-06), np.float64(1e-05)),\n",
       "  (np.float64(1e-05), np.float64(1.584893192461114e-05)),\n",
       "  (np.float64(1.584893192461114e-05), np.float64(2.5118864315095822e-05)),\n",
       "  (np.float64(2.5118864315095822e-05), np.float64(3.9810717055349695e-05)),\n",
       "  (np.float64(3.9810717055349695e-05), np.float64(6.309573444801929e-05)),\n",
       "  (np.float64(6.309573444801929e-05), np.float64(0.0001)),\n",
       "  (np.float64(0.0001), np.float64(0.00015848931924611142)),\n",
       "  (np.float64(0.00015848931924611142), np.float64(0.0002511886431509582)),\n",
       "  (np.float64(0.0002511886431509582), np.float64(0.00039810717055349735)),\n",
       "  (np.float64(0.00039810717055349735), np.float64(0.0006309573444801936)),\n",
       "  (np.float64(0.0006309573444801936), np.float64(0.001))],\n",
       " 'stats': (['DD_0_0',\n",
       "   'DD_0_1',\n",
       "   'DD_1_1',\n",
       "   'Dz_0_0_0',\n",
       "   'Dz_0_0_1',\n",
       "   'Dz_0_1_1',\n",
       "   'Dz_1_0_0',\n",
       "   'Dz_1_0_1',\n",
       "   'Dz_1_1_1',\n",
       "   'pi2_0_0_0_0',\n",
       "   'pi2_0_0_0_1',\n",
       "   'pi2_0_0_1_1',\n",
       "   'pi2_0_1_0_1',\n",
       "   'pi2_0_1_1_1',\n",
       "   'pi2_1_1_1_1'],\n",
       "  ['H_0_0', 'H_0_1', 'H_1_1']),\n",
       " 'pops': ['deme0', 'deme1'],\n",
       " 'means': [array([0.59604274, 0.48061845, 0.64534442, 0.51704562, 0.21939574,\n",
       "         0.41872576, 1.1569611 , 0.48928375, 0.51366656, 1.        ,\n",
       "         1.22000511, 1.16542215, 1.59850706, 1.55129343, 1.5381079 ]),\n",
       "  array([0.58052787, 0.46282166, 0.62049567, 0.50560454, 0.21381626,\n",
       "         0.39751226, 1.1287112 , 0.48061431, 0.50515215, 1.        ,\n",
       "         1.22121892, 1.16634372, 1.59901609, 1.55076985, 1.53625844]),\n",
       "  array([0.58108002, 0.46409163, 0.62365159, 0.50576068, 0.20698488,\n",
       "         0.38750388, 1.12216357, 0.47581752, 0.49308596, 1.        ,\n",
       "         1.22328405, 1.17036435, 1.60249345, 1.55524569, 1.54142353]),\n",
       "  array([0.58071812, 0.45615782, 0.61328869, 0.49838216, 0.20828616,\n",
       "         0.39023184, 1.11258906, 0.47470149, 0.49204078, 1.        ,\n",
       "         1.22401492, 1.17145415, 1.60569487, 1.55829313, 1.54443387]),\n",
       "  array([0.55951241, 0.43918139, 0.59240166, 0.48289742, 0.20110816,\n",
       "         0.3684012 , 1.06549708, 0.45213734, 0.46934466, 1.        ,\n",
       "         1.22688223, 1.17843286, 1.60794836, 1.56588935, 1.55460951]),\n",
       "  array([0.55227492, 0.42022931, 0.56293236, 0.4633673 , 0.19037316,\n",
       "         0.35167025, 1.01144039, 0.42604132, 0.44406963, 1.        ,\n",
       "         1.23001603, 1.18222508, 1.61271311, 1.57112442, 1.55909545]),\n",
       "  array([0.5195438 , 0.38352589, 0.51757828, 0.43374132, 0.17062348,\n",
       "         0.31751105, 0.92737063, 0.38312141, 0.4012952 , 1.        ,\n",
       "         1.23729881, 1.1922334 , 1.62514492, 1.58417809, 1.57102247]),\n",
       "  array([0.48804156, 0.34165612, 0.46296891, 0.39727248, 0.1500546 ,\n",
       "         0.27758673, 0.82086878, 0.3377442 , 0.35125213, 1.        ,\n",
       "         1.24424803, 1.20267468, 1.63454566, 1.59677756, 1.5846887 ]),\n",
       "  array([0.44424794, 0.28843412, 0.39294942, 0.35114034, 0.12374013,\n",
       "         0.22912873, 0.6883362 , 0.27326946, 0.28592635, 1.        ,\n",
       "         1.25320661, 1.21629703, 1.64889643, 1.61448433, 1.60260262]),\n",
       "  array([0.39427429, 0.22978128, 0.31756067, 0.29620651, 0.09348172,\n",
       "         0.17311181, 0.54511417, 0.2073633 , 0.21623208, 1.        ,\n",
       "         1.26328156, 1.23219251, 1.66488507, 1.63532034, 1.62461001]),\n",
       "  array([0.34189575, 0.17002722, 0.23882696, 0.24440698, 0.06594824,\n",
       "         0.11855668, 0.40402202, 0.14498952, 0.15123668, 1.        ,\n",
       "         1.27475625, 1.24908815, 1.68349244, 1.6577928 , 1.64893197]),\n",
       "  array([0.28960913, 0.11679904, 0.16777424, 0.19621459, 0.04227418,\n",
       "         0.07487126, 0.27314177, 0.09041409, 0.09472206, 1.        ,\n",
       "         1.28422518, 1.26310585, 1.6974178 , 1.67536381, 1.66870824]),\n",
       "  array([0.24175765, 0.07392055, 0.11123084, 0.15287788, 0.02472115,\n",
       "         0.04250425, 0.17484983, 0.05046782, 0.054226  , 1.        ,\n",
       "         1.29191521, 1.27369932, 1.70888577, 1.68800226, 1.68248598]),\n",
       "  array([0.19530433, 0.04237228, 0.06951117, 0.11486148, 0.01207006,\n",
       "         0.02076631, 0.10751038, 0.02563688, 0.02794516, 1.        ,\n",
       "         1.29603376, 1.27983815, 1.7135431 , 1.69438032, 1.690916  ]),\n",
       "  array([0.15327488, 0.02179433, 0.04165693, 0.08490929, 0.0052336 ,\n",
       "         0.00879572, 0.06481085, 0.01142472, 0.0122021 , 1.        ,\n",
       "         1.29960357, 1.28596227, 1.72002205, 1.70308597, 1.70190026]),\n",
       "  array([0.11499476, 0.01031229, 0.02542737, 0.05796999, 0.00188085,\n",
       "         0.00399908, 0.03639498, 0.00451939, 0.00573851, 1.        ,\n",
       "         1.3034354 , 1.29052983, 1.72633926, 1.70994034, 1.71011704]),\n",
       "  array([1.        , 1.3252262 , 1.31260378])],\n",
       " 'varcovs': [array([[ 6.84939036e-05,  2.37290441e-05,  2.03431853e-06,\n",
       "           7.92456640e-06,  9.34609855e-06,  1.41475090e-05,\n",
       "           6.86466350e-06,  7.05643973e-06,  6.24782557e-06,\n",
       "           0.00000000e+00,  4.05255246e-07,  3.05000803e-07,\n",
       "           7.30364838e-06,  6.59606201e-06,  5.44242471e-06],\n",
       "         [ 2.37290441e-05,  1.84184960e-05,  1.69358121e-05,\n",
       "           2.02123688e-05,  1.18541654e-05,  4.81513601e-06,\n",
       "           3.48413313e-05,  2.26244061e-05,  1.43478325e-05,\n",
       "           0.00000000e+00,  2.80275715e-06,  7.16760079e-06,\n",
       "           8.29080731e-06,  1.32546131e-05,  1.65168573e-05],\n",
       "         [ 2.03431853e-06,  1.69358121e-05,  5.82876251e-05,\n",
       "           4.54445749e-05,  7.38763656e-06, -2.08819780e-06,\n",
       "           1.55720981e-04,  4.70757852e-05,  2.49426693e-05,\n",
       "           0.00000000e+00,  1.84488617e-05,  2.34625482e-05,\n",
       "           6.12347892e-05,  6.98119355e-05,  7.80191810e-05],\n",
       "         [ 7.92456640e-06,  2.02123688e-05,  4.54445749e-05,\n",
       "           7.78635769e-05,  2.76127369e-05,  1.69127918e-05,\n",
       "           1.39453678e-04,  5.56022919e-05,  3.52115317e-05,\n",
       "           0.00000000e+00,  2.11754323e-05,  2.81883091e-05,\n",
       "           6.04794010e-05,  6.95029469e-05,  7.81757591e-05],\n",
       "         [ 9.34609855e-06,  1.18541654e-05,  7.38763656e-06,\n",
       "           2.76127369e-05,  3.53287904e-05,  1.80125414e-05,\n",
       "           2.43385455e-05,  3.50496589e-05,  1.64365589e-05,\n",
       "           0.00000000e+00, -4.99692938e-06,  2.99240578e-06,\n",
       "          -1.72882121e-05, -6.31364800e-06,  1.01751246e-06],\n",
       "         [ 1.41475090e-05,  4.81513601e-06, -2.08819780e-06,\n",
       "           1.69127918e-05,  1.80125414e-05,  5.63787937e-05,\n",
       "           7.18800546e-06,  2.10179019e-06,  1.83101652e-05,\n",
       "           0.00000000e+00, -4.28081930e-06, -1.06542396e-05,\n",
       "          -1.22469919e-05, -1.88262135e-05, -2.33041694e-05],\n",
       "         [ 6.86466350e-06,  3.48413313e-05,  1.55720981e-04,\n",
       "           1.39453678e-04,  2.43385455e-05,  7.18800546e-06,\n",
       "           5.70849544e-04,  1.80694112e-04,  1.06585262e-04,\n",
       "           0.00000000e+00,  5.75481918e-05,  6.80047079e-05,\n",
       "           2.05162462e-04,  2.27461287e-04,  2.52825383e-04],\n",
       "         [ 7.05643973e-06,  2.26244061e-05,  4.70757852e-05,\n",
       "           5.56022919e-05,  3.50496589e-05,  2.10179019e-06,\n",
       "           1.80694112e-04,  1.12810399e-04,  6.40409903e-05,\n",
       "           0.00000000e+00,  8.70356604e-06,  2.30290050e-05,\n",
       "           3.04477155e-05,  5.10284110e-05,  6.86619385e-05],\n",
       "         [ 6.24782557e-06,  1.43478325e-05,  2.49426693e-05,\n",
       "           3.52115317e-05,  1.64365589e-05,  1.83101652e-05,\n",
       "           1.06585262e-04,  6.40409903e-05,  6.42432322e-05,\n",
       "           0.00000000e+00,  8.22292459e-06,  1.08397976e-05,\n",
       "           2.66548803e-05,  2.92684638e-05,  3.17922869e-05],\n",
       "         [ 0.00000000e+00,  0.00000000e+00,  0.00000000e+00,\n",
       "           0.00000000e+00,  0.00000000e+00,  0.00000000e+00,\n",
       "           0.00000000e+00,  0.00000000e+00,  0.00000000e+00,\n",
       "           0.00000000e+00,  0.00000000e+00,  0.00000000e+00,\n",
       "           0.00000000e+00,  0.00000000e+00,  0.00000000e+00],\n",
       "         [ 4.05255246e-07,  2.80275715e-06,  1.84488617e-05,\n",
       "           2.11754323e-05, -4.99692938e-06, -4.28081930e-06,\n",
       "           5.75481918e-05,  8.70356604e-06,  8.22292459e-06,\n",
       "           0.00000000e+00,  1.54114417e-05,  1.58016247e-05,\n",
       "           4.55640052e-05,  4.52585439e-05,  4.61777385e-05],\n",
       "         [ 3.05000803e-07,  7.16760079e-06,  2.34625482e-05,\n",
       "           2.81883091e-05,  2.99240578e-06, -1.06542396e-05,\n",
       "           6.80047079e-05,  2.30290050e-05,  1.08397976e-05,\n",
       "           0.00000000e+00,  1.58016247e-05,  2.25449761e-05,\n",
       "           4.41859128e-05,  5.14900491e-05,  5.76319327e-05],\n",
       "         [ 7.30364838e-06,  8.29080731e-06,  6.12347892e-05,\n",
       "           6.04794010e-05, -1.72882121e-05, -1.22469919e-05,\n",
       "           2.05162462e-04,  3.04477155e-05,  2.66548803e-05,\n",
       "           0.00000000e+00,  4.55640052e-05,  4.41859128e-05,\n",
       "           1.44797308e-04,  1.41711001e-04,  1.43514359e-04],\n",
       "         [ 6.59606201e-06,  1.32546131e-05,  6.98119355e-05,\n",
       "           6.95029469e-05, -6.31364800e-06, -1.88262135e-05,\n",
       "           2.27461287e-04,  5.10284110e-05,  2.92684638e-05,\n",
       "           0.00000000e+00,  4.52585439e-05,  5.14900491e-05,\n",
       "           1.41711001e-04,  1.49571701e-04,  1.59296929e-04],\n",
       "         [ 5.44242471e-06,  1.65168573e-05,  7.80191810e-05,\n",
       "           7.81757591e-05,  1.01751246e-06, -2.33041694e-05,\n",
       "           2.52825383e-04,  6.86619385e-05,  3.17922869e-05,\n",
       "           0.00000000e+00,  4.61777385e-05,  5.76319327e-05,\n",
       "           1.43514359e-04,  1.59296929e-04,  1.76011015e-04]]),\n",
       "  array([[ 5.32742214e-05,  2.02444801e-05,  3.14339959e-06,\n",
       "           1.82606133e-06, -5.37718698e-07,  1.65439530e-05,\n",
       "          -6.09268364e-06, -4.42637585e-06,  4.96713185e-06,\n",
       "           0.00000000e+00,  3.60267671e-06,  1.29434228e-06,\n",
       "           9.45522807e-06,  6.68946257e-06,  4.71154073e-06],\n",
       "         [ 2.02444801e-05,  1.69742684e-05,  1.62466035e-05,\n",
       "           1.40642133e-05,  2.34553086e-06, -6.01150487e-07,\n",
       "           2.61498852e-05,  1.14642966e-05,  7.87739145e-06,\n",
       "           0.00000000e+00,  4.74622011e-06,  7.78036970e-06,\n",
       "           1.29277820e-05,  1.64572027e-05,  1.91767654e-05],\n",
       "         [ 3.14339959e-06,  1.62466035e-05,  6.13876918e-05,\n",
       "           3.42295005e-05, -1.66744200e-06, -2.40592539e-05,\n",
       "           1.67421780e-04,  5.01824091e-05,  1.51519919e-05,\n",
       "           0.00000000e+00,  1.94428446e-05,  2.58202699e-05,\n",
       "           6.76815088e-05,  7.96803618e-05,  9.16430282e-05],\n",
       "         [ 1.82606133e-06,  1.40642133e-05,  3.42295005e-05,\n",
       "           6.82110577e-05,  2.03632309e-05,  8.56470453e-06,\n",
       "           1.15201184e-04,  4.46155544e-05,  3.15277643e-05,\n",
       "           0.00000000e+00,  1.95446387e-05,  2.51732336e-05,\n",
       "           5.57008025e-05,  6.15056575e-05,  6.62713325e-05],\n",
       "         [-5.37718698e-07,  2.34553086e-06, -1.66744200e-06,\n",
       "           2.03632309e-05,  4.24630510e-05,  2.82978600e-05,\n",
       "          -1.23237548e-05,  2.75596773e-05,  1.40002307e-05,\n",
       "           0.00000000e+00, -6.81020905e-06, -6.17689651e-07,\n",
       "          -2.18614193e-05, -1.44500802e-05, -9.78332757e-06],\n",
       "         [ 1.65439530e-05, -6.01150487e-07, -2.40592539e-05,\n",
       "           8.56470453e-06,  2.82978600e-05,  9.59571766e-05,\n",
       "          -8.19963022e-05, -2.34301766e-05,  1.26025306e-05,\n",
       "           0.00000000e+00, -9.31951057e-06, -2.26825218e-05,\n",
       "          -3.31151914e-05, -4.81788026e-05, -5.87181852e-05],\n",
       "         [-6.09268364e-06,  2.61498852e-05,  1.67421780e-04,\n",
       "           1.15201184e-04, -1.23237548e-05, -8.19963022e-05,\n",
       "           6.44013585e-04,  2.30317663e-04,  9.41400438e-05,\n",
       "           0.00000000e+00,  6.59040353e-05,  8.54049626e-05,\n",
       "           2.36279776e-04,  2.76556542e-04,  3.18726957e-04],\n",
       "         [-4.42637585e-06,  1.14642966e-05,  5.01824091e-05,\n",
       "           4.46155544e-05,  2.75596773e-05, -2.34301766e-05,\n",
       "           2.30317663e-04,  1.66926664e-04,  7.63973697e-05,\n",
       "           0.00000000e+00,  9.39930664e-06,  2.82071186e-05,\n",
       "           3.51706948e-05,  6.32561386e-05,  9.01006522e-05],\n",
       "         [ 4.96713185e-06,  7.87739145e-06,  1.51519919e-05,\n",
       "           3.15277643e-05,  1.40002307e-05,  1.26025306e-05,\n",
       "           9.41400438e-05,  7.63973697e-05,  7.57146230e-05,\n",
       "           0.00000000e+00,  7.45968499e-06,  9.76302105e-06,\n",
       "           2.16036916e-05,  2.31427163e-05,  2.64021220e-05],\n",
       "         [ 0.00000000e+00,  0.00000000e+00,  0.00000000e+00,\n",
       "           0.00000000e+00,  0.00000000e+00,  0.00000000e+00,\n",
       "           0.00000000e+00,  0.00000000e+00,  0.00000000e+00,\n",
       "           0.00000000e+00,  0.00000000e+00,  0.00000000e+00,\n",
       "           0.00000000e+00,  0.00000000e+00,  0.00000000e+00],\n",
       "         [ 3.60267671e-06,  4.74622011e-06,  1.94428446e-05,\n",
       "           1.95446387e-05, -6.81020905e-06, -9.31951057e-06,\n",
       "           6.59040353e-05,  9.39930664e-06,  7.45968499e-06,\n",
       "           0.00000000e+00,  1.63747521e-05,  1.76745809e-05,\n",
       "           4.91246772e-05,  4.95089738e-05,  5.05005879e-05],\n",
       "         [ 1.29434228e-06,  7.78036970e-06,  2.58202699e-05,\n",
       "           2.51732336e-05, -6.17689651e-07, -2.26825218e-05,\n",
       "           8.54049626e-05,  2.82071186e-05,  9.76302105e-06,\n",
       "           0.00000000e+00,  1.76745809e-05,  2.67449863e-05,\n",
       "           5.27499824e-05,  6.18772836e-05,  6.91345800e-05],\n",
       "         [ 9.45522807e-06,  1.29277820e-05,  6.76815088e-05,\n",
       "           5.57008025e-05, -2.18614193e-05, -3.31151914e-05,\n",
       "           2.36279776e-04,  3.51706948e-05,  2.16036916e-05,\n",
       "           0.00000000e+00,  4.91246772e-05,  5.27499824e-05,\n",
       "           1.59237593e-04,  1.62867715e-04,  1.69035643e-04],\n",
       "         [ 6.68946257e-06,  1.64572027e-05,  7.96803618e-05,\n",
       "           6.15056575e-05, -1.44500802e-05, -4.81788026e-05,\n",
       "           2.76556542e-04,  6.32561386e-05,  2.31427163e-05,\n",
       "           0.00000000e+00,  4.95089738e-05,  6.18772836e-05,\n",
       "           1.62867715e-04,  1.79876718e-04,  1.95983878e-04],\n",
       "         [ 4.71154073e-06,  1.91767654e-05,  9.16430282e-05,\n",
       "           6.62713325e-05, -9.78332757e-06, -5.87181852e-05,\n",
       "           3.18726957e-04,  9.01006522e-05,  2.64021220e-05,\n",
       "           0.00000000e+00,  5.05005879e-05,  6.91345800e-05,\n",
       "           1.69035643e-04,  1.95983878e-04,  2.21383053e-04]]),\n",
       "  array([[ 6.01617590e-05,  1.99610509e-05,  2.09380402e-06,\n",
       "           5.29488035e-06,  3.81337938e-06,  1.45394573e-05,\n",
       "           2.04720116e-05, -1.50690730e-06,  1.78969115e-06,\n",
       "           0.00000000e+00,  3.93579326e-06,  2.60961345e-06,\n",
       "           1.60246202e-05,  1.45790319e-05,  1.22205354e-05],\n",
       "         [ 1.99610509e-05,  1.73014266e-05,  1.56079667e-05,\n",
       "           1.79027799e-05,  4.23622965e-06, -7.38881315e-07,\n",
       "           3.22972558e-05,  1.37843795e-05,  1.02869934e-05,\n",
       "           0.00000000e+00,  3.96171719e-06,  6.56023459e-06,\n",
       "           1.22758322e-05,  1.48132389e-05,  1.69546380e-05],\n",
       "         [ 2.09380402e-06,  1.56079667e-05,  4.40216772e-05,\n",
       "           3.21262623e-05,  4.89707202e-07, -8.71299678e-06,\n",
       "           1.11355839e-04,  3.64436292e-05,  1.63302059e-05,\n",
       "           0.00000000e+00,  1.65866085e-05,  2.12618486e-05,\n",
       "           5.08039486e-05,  5.71662136e-05,  6.53010216e-05],\n",
       "         [ 5.29488035e-06,  1.79027799e-05,  3.21262623e-05,\n",
       "           6.92799397e-05,  1.66559460e-05,  8.94741019e-06,\n",
       "           1.11619941e-04,  4.59635563e-05,  3.33485041e-05,\n",
       "           0.00000000e+00,  2.00966546e-05,  2.51080759e-05,\n",
       "           5.49181225e-05,  5.91473909e-05,  6.50000605e-05],\n",
       "         [ 3.81337938e-06,  4.23622965e-06,  4.89707202e-07,\n",
       "           1.66559460e-05,  3.05406737e-05,  2.22136025e-05,\n",
       "           1.68499695e-05,  3.24326877e-05,  1.82883067e-05,\n",
       "           0.00000000e+00, -3.16019043e-06,  2.80677582e-06,\n",
       "          -1.39855892e-05, -5.16875968e-06,  1.96792664e-06],\n",
       "         [ 1.45394573e-05, -7.38881315e-07, -8.71299678e-06,\n",
       "           8.94741019e-06,  2.22136025e-05,  5.63963970e-05,\n",
       "           4.29081660e-06,  3.91539227e-06,  1.29699306e-05,\n",
       "           0.00000000e+00,  1.47234296e-06, -1.60714828e-06,\n",
       "           4.60496631e-06,  1.78984832e-06,  7.19008152e-07],\n",
       "         [ 2.04720116e-05,  3.22972558e-05,  1.11355839e-04,\n",
       "           1.11619941e-04,  1.68499695e-05,  4.29081660e-06,\n",
       "           4.49064972e-04,  1.60172649e-04,  8.93345271e-05,\n",
       "           0.00000000e+00,  5.90629365e-05,  7.13128608e-05,\n",
       "           1.83908131e-04,  2.04104427e-04,  2.29705331e-04],\n",
       "         [-1.50690730e-06,  1.37843795e-05,  3.64436292e-05,\n",
       "           4.59635563e-05,  3.24326877e-05,  3.91539227e-06,\n",
       "           1.60172649e-04,  1.16646246e-04,  6.76266465e-05,\n",
       "           0.00000000e+00,  8.90903424e-06,  2.15355845e-05,\n",
       "           2.08220740e-05,  4.08679815e-05,  6.23601147e-05],\n",
       "         [ 1.78969115e-06,  1.02869934e-05,  1.63302059e-05,\n",
       "           3.33485041e-05,  1.82883067e-05,  1.29699306e-05,\n",
       "           8.93345271e-05,  6.76266465e-05,  6.05687067e-05,\n",
       "           0.00000000e+00,  6.26773218e-06,  9.67662770e-06,\n",
       "           1.73118715e-05,  2.30836050e-05,  3.09921712e-05],\n",
       "         [ 0.00000000e+00,  0.00000000e+00,  0.00000000e+00,\n",
       "           0.00000000e+00,  0.00000000e+00,  0.00000000e+00,\n",
       "           0.00000000e+00,  0.00000000e+00,  0.00000000e+00,\n",
       "           0.00000000e+00,  0.00000000e+00,  0.00000000e+00,\n",
       "           0.00000000e+00,  0.00000000e+00,  0.00000000e+00],\n",
       "         [ 3.93579326e-06,  3.96171719e-06,  1.65866085e-05,\n",
       "           2.00966546e-05, -3.16019043e-06,  1.47234296e-06,\n",
       "           5.90629365e-05,  8.90903424e-06,  6.26773218e-06,\n",
       "           0.00000000e+00,  1.46172914e-05,  1.41142782e-05,\n",
       "           4.42319488e-05,  4.27939555e-05,  4.31250029e-05],\n",
       "         [ 2.60961345e-06,  6.56023459e-06,  2.12618486e-05,\n",
       "           2.51080759e-05,  2.80677582e-06, -1.60714828e-06,\n",
       "           7.13128608e-05,  2.15355845e-05,  9.67662770e-06,\n",
       "           0.00000000e+00,  1.41142782e-05,  1.79692393e-05,\n",
       "           4.09830606e-05,  4.46765602e-05,  4.89712967e-05],\n",
       "         [ 1.60246202e-05,  1.22758322e-05,  5.08039486e-05,\n",
       "           5.49181225e-05, -1.39855892e-05,  4.60496631e-06,\n",
       "           1.83908131e-04,  2.08220740e-05,  1.73118715e-05,\n",
       "           0.00000000e+00,  4.42319488e-05,  4.09830606e-05,\n",
       "           1.41611663e-04,  1.35104944e-04,  1.34656129e-04],\n",
       "         [ 1.45790319e-05,  1.48132389e-05,  5.71662136e-05,\n",
       "           5.91473909e-05, -5.16875968e-06,  1.78984832e-06,\n",
       "           2.04104427e-04,  4.08679815e-05,  2.30836050e-05,\n",
       "           0.00000000e+00,  4.27939555e-05,  4.46765602e-05,\n",
       "           1.35104944e-04,  1.36428960e-04,  1.42142383e-04],\n",
       "         [ 1.22205354e-05,  1.69546380e-05,  6.53010216e-05,\n",
       "           6.50000605e-05,  1.96792664e-06,  7.19008152e-07,\n",
       "           2.29705331e-04,  6.23601147e-05,  3.09921712e-05,\n",
       "           0.00000000e+00,  4.31250029e-05,  4.89712967e-05,\n",
       "           1.34656129e-04,  1.42142383e-04,  1.54229018e-04]]),\n",
       "  array([[ 4.74967486e-05,  1.34931204e-05,  9.18214048e-07,\n",
       "           2.21835153e-06,  2.96301760e-06,  1.58918231e-05,\n",
       "          -4.30089917e-06, -1.18034615e-05, -2.51006521e-06,\n",
       "           0.00000000e+00,  8.52855984e-07, -1.67031029e-06,\n",
       "           8.11187598e-06,  5.45177363e-06,  3.29743881e-06],\n",
       "         [ 1.34931204e-05,  1.43893271e-05,  1.58796071e-05,\n",
       "           1.46614349e-05,  3.17523957e-06, -6.04434775e-07,\n",
       "           2.38670995e-05,  5.78766508e-06,  3.00275136e-06,\n",
       "           0.00000000e+00,  4.05033759e-06,  7.02436603e-06,\n",
       "           1.27918593e-05,  1.61225529e-05,  1.88922311e-05],\n",
       "         [ 9.18214048e-07,  1.58796071e-05,  4.96225744e-05,\n",
       "           4.18167508e-05,  1.89765696e-06, -5.50697749e-06,\n",
       "           1.27765780e-04,  2.99996821e-05,  1.29559593e-05,\n",
       "           0.00000000e+00,  2.00335829e-05,  2.41356687e-05,\n",
       "           6.50596279e-05,  7.20103797e-05,  8.03332858e-05],\n",
       "         [ 2.21835153e-06,  1.46614349e-05,  4.18167508e-05,\n",
       "           6.58959166e-05,  1.58746964e-05,  6.94565244e-06,\n",
       "           1.17902412e-04,  3.16136853e-05,  1.78033280e-05,\n",
       "           0.00000000e+00,  2.13980154e-05,  2.54840398e-05,\n",
       "           6.47971665e-05,  6.97956925e-05,  7.70552003e-05],\n",
       "         [ 2.96301760e-06,  3.17523957e-06,  1.89765696e-06,\n",
       "           1.58746964e-05,  2.63705810e-05,  1.13812709e-05,\n",
       "           1.10426702e-05,  2.02550442e-05,  1.15585087e-05,\n",
       "           0.00000000e+00, -3.84579577e-06,  1.68230888e-06,\n",
       "          -1.14316733e-05, -4.32802069e-06,  3.71967072e-07],\n",
       "         [ 1.58918231e-05, -6.04434775e-07, -5.50697749e-06,\n",
       "           6.94565244e-06,  1.13812709e-05,  3.72601592e-05,\n",
       "          -1.31746941e-05, -1.32348199e-05,  5.09173569e-06,\n",
       "           0.00000000e+00, -2.59169968e-07, -5.71465083e-06,\n",
       "           2.66930348e-06, -4.16142385e-06, -8.51135026e-06],\n",
       "         [-4.30089917e-06,  2.38670995e-05,  1.27765780e-04,\n",
       "           1.17902412e-04,  1.10426702e-05, -1.31746941e-05,\n",
       "           4.68778258e-04,  1.39553653e-04,  7.48214040e-05,\n",
       "           0.00000000e+00,  6.08744689e-05,  7.12515494e-05,\n",
       "           2.07788087e-04,  2.28626646e-04,  2.55229441e-04],\n",
       "         [-1.18034615e-05,  5.78766508e-06,  2.99996821e-05,\n",
       "           3.16136853e-05,  2.02550442e-05, -1.32348199e-05,\n",
       "           1.39553653e-04,  8.81786227e-05,  4.52980611e-05,\n",
       "           0.00000000e+00,  7.54013647e-06,  2.04761278e-05,\n",
       "           2.41491212e-05,  4.27207974e-05,  5.98089230e-05],\n",
       "         [-2.51006521e-06,  3.00275136e-06,  1.29559593e-05,\n",
       "           1.78033280e-05,  1.15585087e-05,  5.09173569e-06,\n",
       "           7.48214040e-05,  4.52980611e-05,  4.45438413e-05,\n",
       "           0.00000000e+00,  4.06835794e-06,  6.97244064e-06,\n",
       "           1.60376542e-05,  2.05265834e-05,  2.51539754e-05],\n",
       "         [ 0.00000000e+00,  0.00000000e+00,  0.00000000e+00,\n",
       "           0.00000000e+00,  0.00000000e+00,  0.00000000e+00,\n",
       "           0.00000000e+00,  0.00000000e+00,  0.00000000e+00,\n",
       "           0.00000000e+00,  0.00000000e+00,  0.00000000e+00,\n",
       "           0.00000000e+00,  0.00000000e+00,  0.00000000e+00],\n",
       "         [ 8.52855984e-07,  4.05033759e-06,  2.00335829e-05,\n",
       "           2.13980154e-05, -3.84579577e-06, -2.59169968e-07,\n",
       "           6.08744689e-05,  7.54013647e-06,  4.06835794e-06,\n",
       "           0.00000000e+00,  1.43417394e-05,  1.33839613e-05,\n",
       "           4.43694377e-05,  4.30967067e-05,  4.41581343e-05],\n",
       "         [-1.67031029e-06,  7.02436603e-06,  2.41356687e-05,\n",
       "           2.54840398e-05,  1.68230888e-06, -5.71465083e-06,\n",
       "           7.12515494e-05,  2.04761278e-05,  6.97244064e-06,\n",
       "           0.00000000e+00,  1.33839613e-05,  1.69152019e-05,\n",
       "           3.98992355e-05,  4.40919011e-05,  4.91286289e-05],\n",
       "         [ 8.11187598e-06,  1.27918593e-05,  6.50596279e-05,\n",
       "           6.47971665e-05, -1.14316733e-05,  2.66930348e-06,\n",
       "           2.07788087e-04,  2.41491212e-05,  1.60376542e-05,\n",
       "           0.00000000e+00,  4.43694377e-05,  3.98992355e-05,\n",
       "           1.45360676e-04,  1.40437442e-04,  1.43390019e-04],\n",
       "         [ 5.45177363e-06,  1.61225529e-05,  7.20103797e-05,\n",
       "           6.97956925e-05, -4.32802069e-06, -4.16142385e-06,\n",
       "           2.28626646e-04,  4.27207974e-05,  2.05265834e-05,\n",
       "           0.00000000e+00,  4.30967067e-05,  4.40919011e-05,\n",
       "           1.40437442e-04,  1.43666744e-04,  1.52673253e-04],\n",
       "         [ 3.29743881e-06,  1.88922311e-05,  8.03332858e-05,\n",
       "           7.70552003e-05,  3.71967072e-07, -8.51135026e-06,\n",
       "           2.55229441e-04,  5.98089230e-05,  2.51539754e-05,\n",
       "           0.00000000e+00,  4.41581343e-05,  4.91286289e-05,\n",
       "           1.43390019e-04,  1.52673253e-04,  1.67313907e-04]]),\n",
       "  array([[ 5.64379309e-05,  1.68296516e-05,  1.88701973e-06,\n",
       "           6.01260078e-06,  6.04998024e-06,  1.14012646e-05,\n",
       "           1.10208339e-05, -6.87343296e-06, -6.08429506e-07,\n",
       "           0.00000000e+00,  2.25452799e-06,  9.13307293e-07,\n",
       "           1.36132764e-05,  1.28772627e-05,  1.11505411e-05],\n",
       "         [ 1.68296516e-05,  1.19864489e-05,  1.31039796e-05,\n",
       "           1.18388907e-05,  2.94348956e-06, -3.35970198e-06,\n",
       "           2.62034401e-05,  8.96515759e-06,  5.41182621e-06,\n",
       "           0.00000000e+00,  3.07727869e-06,  5.57280006e-06,\n",
       "           1.07940798e-05,  1.41800582e-05,  1.70240615e-05],\n",
       "         [ 1.88701973e-06,  1.31039796e-05,  4.56503653e-05,\n",
       "           3.13498698e-05,  4.24092134e-07, -1.20401049e-05,\n",
       "           1.22331723e-04,  3.60683027e-05,  1.71590730e-05,\n",
       "           0.00000000e+00,  1.74261810e-05,  2.23689337e-05,\n",
       "           5.65059082e-05,  6.48212273e-05,  7.36623444e-05],\n",
       "         [ 6.01260078e-06,  1.18388907e-05,  3.13498698e-05,\n",
       "           4.91651878e-05,  1.49814922e-05,  3.34752242e-06,\n",
       "           9.69801223e-05,  3.33050133e-05,  1.63437609e-05,\n",
       "           0.00000000e+00,  1.39626700e-05,  1.81557766e-05,\n",
       "           4.38219981e-05,  5.09541730e-05,  5.79526788e-05],\n",
       "         [ 6.04998024e-06,  2.94348956e-06,  4.24092134e-07,\n",
       "           1.49814922e-05,  2.52495752e-05,  1.66296414e-05,\n",
       "           1.61771184e-05,  2.09133504e-05,  1.14270628e-05,\n",
       "           0.00000000e+00, -4.76569825e-06, -6.58004444e-07,\n",
       "          -1.20621075e-05, -5.43380023e-06, -8.14685905e-07],\n",
       "         [ 1.14012646e-05, -3.35970198e-06, -1.20401049e-05,\n",
       "           3.34752242e-06,  1.66296414e-05,  4.19827078e-05,\n",
       "          -1.21220538e-05, -1.39168127e-06,  1.09927916e-05,\n",
       "           0.00000000e+00, -3.43385389e-06, -8.24730144e-06,\n",
       "          -7.28926579e-06, -1.17821400e-05, -1.62808713e-05],\n",
       "         [ 1.10208339e-05,  2.62034401e-05,  1.22331723e-04,\n",
       "           9.69801223e-05,  1.61771184e-05, -1.21220538e-05,\n",
       "           4.52311372e-04,  1.52429263e-04,  8.50798519e-05,\n",
       "           0.00000000e+00,  5.37653318e-05,  6.77879104e-05,\n",
       "           1.86944686e-04,  2.12560471e-04,  2.40036212e-04],\n",
       "         [-6.87343296e-06,  8.96515759e-06,  3.60683027e-05,\n",
       "           3.33050133e-05,  2.09133504e-05, -1.39168127e-06,\n",
       "           1.52429263e-04,  8.98419483e-05,  5.18105150e-05,\n",
       "           0.00000000e+00,  8.33953812e-06,  1.99451877e-05,\n",
       "           3.16299681e-05,  4.85179652e-05,  6.54834155e-05],\n",
       "         [-6.08429506e-07,  5.41182621e-06,  1.71590730e-05,\n",
       "           1.63437609e-05,  1.14270628e-05,  1.09927916e-05,\n",
       "           8.50798519e-05,  5.18105150e-05,  4.57795058e-05,\n",
       "           0.00000000e+00,  4.63493982e-06,  8.15407491e-06,\n",
       "           1.98747675e-05,  2.51438512e-05,  3.05906223e-05],\n",
       "         [ 0.00000000e+00,  0.00000000e+00,  0.00000000e+00,\n",
       "           0.00000000e+00,  0.00000000e+00,  0.00000000e+00,\n",
       "           0.00000000e+00,  0.00000000e+00,  0.00000000e+00,\n",
       "           0.00000000e+00,  0.00000000e+00,  0.00000000e+00,\n",
       "           0.00000000e+00,  0.00000000e+00,  0.00000000e+00],\n",
       "         [ 2.25452799e-06,  3.07727869e-06,  1.74261810e-05,\n",
       "           1.39626700e-05, -4.76569825e-06, -3.43385389e-06,\n",
       "           5.37653318e-05,  8.33953812e-06,  4.63493982e-06,\n",
       "           0.00000000e+00,  1.28229191e-05,  1.23007494e-05,\n",
       "           3.96776045e-05,  3.93428707e-05,  4.03914801e-05],\n",
       "         [ 9.13307293e-07,  5.57280006e-06,  2.23689337e-05,\n",
       "           1.81557766e-05, -6.58004444e-07, -8.24730144e-06,\n",
       "           6.77879104e-05,  1.99451877e-05,  8.15407491e-06,\n",
       "           0.00000000e+00,  1.23007494e-05,  1.54679862e-05,\n",
       "           3.79558932e-05,  4.22491086e-05,  4.72770442e-05],\n",
       "         [ 1.36132764e-05,  1.07940798e-05,  5.65059082e-05,\n",
       "           4.38219981e-05, -1.20621075e-05, -7.28926579e-06,\n",
       "           1.86944686e-04,  3.16299681e-05,  1.98747675e-05,\n",
       "           0.00000000e+00,  3.96776045e-05,  3.79558932e-05,\n",
       "           1.29784689e-04,  1.29571511e-04,  1.33386088e-04],\n",
       "         [ 1.28772627e-05,  1.41800582e-05,  6.48212273e-05,\n",
       "           5.09541730e-05, -5.43380023e-06, -1.17821400e-05,\n",
       "           2.12560471e-04,  4.85179652e-05,  2.51438512e-05,\n",
       "           0.00000000e+00,  3.93428707e-05,  4.22491086e-05,\n",
       "           1.29571511e-04,  1.36270335e-04,  1.46026467e-04],\n",
       "         [ 1.11505411e-05,  1.70240615e-05,  7.36623444e-05,\n",
       "           5.79526788e-05, -8.14685905e-07, -1.62808713e-05,\n",
       "           2.40036212e-04,  6.54834155e-05,  3.05906223e-05,\n",
       "           0.00000000e+00,  4.03914801e-05,  4.72770442e-05,\n",
       "           1.33386088e-04,  1.46026467e-04,  1.61739188e-04]]),\n",
       "  array([[ 5.12612813e-05,  1.75668354e-05,  2.94056799e-06,\n",
       "           4.13607165e-06,  3.52331792e-06,  9.74600483e-06,\n",
       "          -4.54949140e-06, -8.00150618e-06,  2.51606953e-07,\n",
       "           0.00000000e+00,  2.46128035e-06,  1.04442932e-06,\n",
       "           1.04517965e-05,  8.83389944e-06,  7.13743221e-06],\n",
       "         [ 1.75668354e-05,  1.20597256e-05,  1.13217982e-05,\n",
       "           1.22073301e-05,  3.23337570e-06, -4.29156542e-07,\n",
       "           1.61177207e-05,  2.47779888e-06,  1.84640819e-06,\n",
       "           0.00000000e+00,  3.54548569e-06,  5.36593319e-06,\n",
       "           1.06703792e-05,  1.31352011e-05,  1.53623466e-05],\n",
       "         [ 2.94056799e-06,  1.13217982e-05,  3.76486032e-05,\n",
       "           3.30476733e-05,  4.49106819e-06, -5.15759517e-06,\n",
       "           9.51467703e-05,  2.25465404e-05,  8.67412079e-06,\n",
       "           0.00000000e+00,  1.55311229e-05,  1.88702653e-05,\n",
       "           4.93874725e-05,  5.51848433e-05,  6.18525995e-05],\n",
       "         [ 4.13607165e-06,  1.22073301e-05,  3.30476733e-05,\n",
       "           5.43004364e-05,  1.47738514e-05,  2.75707689e-06,\n",
       "           9.00285492e-05,  2.53245917e-05,  1.02966339e-05,\n",
       "           0.00000000e+00,  1.58794734e-05,  1.93631446e-05,\n",
       "           4.57780208e-05,  5.16117428e-05,  5.83736333e-05],\n",
       "         [ 3.52331792e-06,  3.23337570e-06,  4.49106819e-06,\n",
       "           1.47738514e-05,  2.14914340e-05,  1.09784497e-05,\n",
       "           1.94480051e-05,  2.09630333e-05,  1.00842132e-05,\n",
       "           0.00000000e+00, -3.14096576e-06,  1.29478212e-06,\n",
       "          -8.75259377e-06, -1.58787570e-06,  3.98348774e-06],\n",
       "         [ 9.74600483e-06, -4.29156542e-07, -5.15759517e-06,\n",
       "           2.75707689e-06,  1.09784497e-05,  2.82475496e-05,\n",
       "          -2.20403676e-06,  6.76295051e-06,  1.54322551e-05,\n",
       "           0.00000000e+00, -2.20269270e-06, -5.49372149e-06,\n",
       "          -4.56992158e-06, -7.29818400e-06, -9.51983012e-06],\n",
       "         [-4.54949140e-06,  1.61177207e-05,  9.51467703e-05,\n",
       "           9.00285492e-05,  1.94480051e-05, -2.20403676e-06,\n",
       "           3.42503431e-04,  1.10642563e-04,  5.78399256e-05,\n",
       "           0.00000000e+00,  4.45038611e-05,  5.47997509e-05,\n",
       "           1.51072000e-04,  1.70255390e-04,  1.92574731e-04],\n",
       "         [-8.00150618e-06,  2.47779888e-06,  2.25465404e-05,\n",
       "           2.53245917e-05,  2.09630333e-05,  6.76295051e-06,\n",
       "           1.10642563e-04,  7.56358565e-05,  4.22341833e-05,\n",
       "           0.00000000e+00,  5.88997808e-06,  1.53974509e-05,\n",
       "           1.91237853e-05,  3.33795528e-05,  4.76179365e-05],\n",
       "         [ 2.51606953e-07,  1.84640819e-06,  8.67412079e-06,\n",
       "           1.02966339e-05,  1.00842132e-05,  1.54322551e-05,\n",
       "           5.78399256e-05,  4.22341833e-05,  3.96118501e-05,\n",
       "           0.00000000e+00,  4.19219161e-06,  5.97664424e-06,\n",
       "           1.52288367e-05,  1.81730914e-05,  2.18779679e-05],\n",
       "         [ 0.00000000e+00,  0.00000000e+00,  0.00000000e+00,\n",
       "           0.00000000e+00,  0.00000000e+00,  0.00000000e+00,\n",
       "           0.00000000e+00,  0.00000000e+00,  0.00000000e+00,\n",
       "           0.00000000e+00,  0.00000000e+00,  0.00000000e+00,\n",
       "           0.00000000e+00,  0.00000000e+00,  0.00000000e+00],\n",
       "         [ 2.46128035e-06,  3.54548569e-06,  1.55311229e-05,\n",
       "           1.58794734e-05, -3.14096576e-06, -2.20269270e-06,\n",
       "           4.45038611e-05,  5.88997808e-06,  4.19219161e-06,\n",
       "           0.00000000e+00,  1.14601229e-05,  1.06373145e-05,\n",
       "           3.48316725e-05,  3.37348042e-05,  3.40228540e-05],\n",
       "         [ 1.04442932e-06,  5.36593319e-06,  1.88702653e-05,\n",
       "           1.93631446e-05,  1.29478212e-06, -5.49372149e-06,\n",
       "           5.47997509e-05,  1.53974509e-05,  5.97664424e-06,\n",
       "           0.00000000e+00,  1.06373145e-05,  1.35507757e-05,\n",
       "           3.18025360e-05,  3.56484759e-05,  4.00116123e-05],\n",
       "         [ 1.04517965e-05,  1.06703792e-05,  4.93874725e-05,\n",
       "           4.57780208e-05, -8.75259377e-06, -4.56992158e-06,\n",
       "           1.51072000e-04,  1.91237853e-05,  1.52288367e-05,\n",
       "           0.00000000e+00,  3.48316725e-05,  3.18025360e-05,\n",
       "           1.12909555e-04,  1.09416234e-04,  1.10225222e-04],\n",
       "         [ 8.83389944e-06,  1.31352011e-05,  5.51848433e-05,\n",
       "           5.16117428e-05, -1.58787570e-06, -7.29818400e-06,\n",
       "           1.70255390e-04,  3.33795528e-05,  1.81730914e-05,\n",
       "           0.00000000e+00,  3.37348042e-05,  3.56484759e-05,\n",
       "           1.09416234e-04,  1.13385877e-04,  1.20214101e-04],\n",
       "         [ 7.13743221e-06,  1.53623466e-05,  6.18525995e-05,\n",
       "           5.83736333e-05,  3.98348774e-06, -9.51983012e-06,\n",
       "           1.92574731e-04,  4.76179365e-05,  2.18779679e-05,\n",
       "           0.00000000e+00,  3.40228540e-05,  4.00116123e-05,\n",
       "           1.10225222e-04,  1.20214101e-04,  1.32487283e-04]]),\n",
       "  array([[ 4.34987980e-05,  1.12342519e-05, -3.45324812e-06,\n",
       "          -1.68264912e-06, -2.30135323e-06,  1.06518510e-05,\n",
       "          -5.05494352e-06, -9.25322039e-06, -1.12842744e-06,\n",
       "           0.00000000e+00,  2.07927272e-06, -4.31055078e-07,\n",
       "           1.08013289e-05,  7.89106954e-06,  5.76989553e-06],\n",
       "         [ 1.12342519e-05,  7.30350855e-06,  6.11292156e-06,\n",
       "           7.56017689e-06,  1.66848667e-06,  2.94778809e-07,\n",
       "           9.95785715e-06,  2.72229008e-06,  2.39619128e-06,\n",
