{
 "cells": [
  {
   "cell_type": "code",
   "execution_count": 1,
   "id": "774a1cf9",
   "metadata": {},
   "outputs": [],
   "source": [
    "import pickle\n",
    "import numpy as np\n"
   ]
  },
  {
   "cell_type": "code",
   "execution_count": 2,
   "id": "947b7eda",
   "metadata": {},
   "outputs": [],
   "source": [
    "with open('/sietch_colab/akapoor/pg_gpu/traditional/MomentsLD_results/means.varcovs.traditional.100_reps.bp', 'rb') as f:\n",
    "    traditional_data = pickle.load(f)"
   ]
  },
  {
   "cell_type": "code",
   "execution_count": 3,
   "id": "5079122e",
   "metadata": {},
   "outputs": [
    {
     "data": {
      "text/plain": [
       "{'bins': [(np.float64(0.0), np.float64(1e-06)),\n",
       "  (np.float64(1e-06), np.float64(1.584893192461114e-06)),\n",
       "  (np.float64(1.584893192461114e-06), np.float64(2.5118864315095823e-06)),\n",
       "  (np.float64(2.5118864315095823e-06), np.float64(3.981071705534969e-06)),\n",
       "  (np.float64(3.981071705534969e-06), np.float64(6.30957344480193e-06)),\n",
       "  (np.float64(6.30957344480193e-06), np.float64(1e-05)),\n",
       "  (np.float64(1e-05), np.float64(1.584893192461114e-05)),\n",
       "  (np.float64(1.584893192461114e-05), np.float64(2.5118864315095822e-05)),\n",
       "  (np.float64(2.5118864315095822e-05), np.float64(3.9810717055349695e-05)),\n",
       "  (np.float64(3.9810717055349695e-05), np.float64(6.309573444801929e-05)),\n",
       "  (np.float64(6.309573444801929e-05), np.float64(0.0001)),\n",
       "  (np.float64(0.0001), np.float64(0.00015848931924611142)),\n",
       "  (np.float64(0.00015848931924611142), np.float64(0.0002511886431509582)),\n",
       "  (np.float64(0.0002511886431509582), np.float64(0.00039810717055349735)),\n",
       "  (np.float64(0.00039810717055349735), np.float64(0.0006309573444801936)),\n",
       "  (np.float64(0.0006309573444801936), np.float64(0.001))],\n",
       " 'stats': (['DD_0_0',\n",
       "   'DD_0_1',\n",
       "   'DD_1_1',\n",
       "   'Dz_0_0_0',\n",
       "   'Dz_0_0_1',\n",
       "   'Dz_0_1_1',\n",
       "   'Dz_1_0_0',\n",
       "   'Dz_1_0_1',\n",
       "   'Dz_1_1_1',\n",
       "   'pi2_0_0_0_0',\n",
       "   'pi2_0_0_0_1',\n",
       "   'pi2_0_0_1_1',\n",
       "   'pi2_0_1_0_1',\n",
       "   'pi2_0_1_1_1',\n",
       "   'pi2_1_1_1_1'],\n",
       "  ['H_0_0', 'H_0_1', 'H_1_1']),\n",
       " 'pops': ['deme0', 'deme1'],\n",
       " 'means': [array([0.59604274, 0.48061845, 0.64534442, 0.51704562, 0.21939574,\n",
       "         0.41872576, 1.1569611 , 0.48928375, 0.51366656, 1.        ,\n",
       "         1.22000511, 1.16542215, 1.59850706, 1.55129343, 1.5381079 ]),\n",
       "  array([0.58052787, 0.46282166, 0.62049567, 0.50560454, 0.21381626,\n",
       "         0.39751226, 1.1287112 , 0.48061431, 0.50515215, 1.        ,\n",
       "         1.22121892, 1.16634372, 1.59901609, 1.55076985, 1.53625844]),\n",
       "  array([0.58108002, 0.46409163, 0.62365159, 0.50576068, 0.20698488,\n",
       "         0.38750388, 1.12216357, 0.47581752, 0.49308596, 1.        ,\n",
       "         1.22328405, 1.17036435, 1.60249345, 1.55524569, 1.54142353]),\n",
       "  array([0.58071812, 0.45615782, 0.61328869, 0.49838216, 0.20828616,\n",
       "         0.39023184, 1.11258906, 0.47470149, 0.49204078, 1.        ,\n",
       "         1.22401492, 1.17145415, 1.60569487, 1.55829313, 1.54443387]),\n",
       "  array([0.55951241, 0.43918139, 0.59240166, 0.48289742, 0.20110816,\n",
       "         0.3684012 , 1.06549708, 0.45213734, 0.46934466, 1.        ,\n",
       "         1.22688223, 1.17843286, 1.60794836, 1.56588935, 1.55460951]),\n",
       "  array([0.55227492, 0.42022931, 0.56293236, 0.4633673 , 0.19037316,\n",
       "         0.35167025, 1.01144039, 0.42604132, 0.44406963, 1.        ,\n",
       "         1.23001603, 1.18222508, 1.61271311, 1.57112442, 1.55909545]),\n",
       "  array([0.5195438 , 0.38352589, 0.51757828, 0.43374132, 0.17062348,\n",
       "         0.31751105, 0.92737063, 0.38312141, 0.4012952 , 1.        ,\n",
       "         1.23729881, 1.1922334 , 1.62514492, 1.58417809, 1.57102247]),\n",
       "  array([0.48804156, 0.34165612, 0.46296891, 0.39727248, 0.1500546 ,\n",
       "         0.27758673, 0.82086878, 0.3377442 , 0.35125213, 1.        ,\n",
       "         1.24424803, 1.20267468, 1.63454566, 1.59677756, 1.5846887 ]),\n",
       "  array([0.44424794, 0.28843412, 0.39294942, 0.35114034, 0.12374013,\n",
       "         0.22912873, 0.6883362 , 0.27326946, 0.28592635, 1.        ,\n",
       "         1.25320661, 1.21629703, 1.64889643, 1.61448433, 1.60260262]),\n",
       "  array([0.39427429, 0.22978128, 0.31756067, 0.29620651, 0.09348172,\n",
       "         0.17311181, 0.54511417, 0.2073633 , 0.21623208, 1.        ,\n",
       "         1.26328156, 1.23219251, 1.66488507, 1.63532034, 1.62461001]),\n",
       "  array([0.34189575, 0.17002722, 0.23882696, 0.24440698, 0.06594824,\n",
       "         0.11855668, 0.40402202, 0.14498952, 0.15123668, 1.        ,\n",
       "         1.27475625, 1.24908815, 1.68349244, 1.6577928 , 1.64893197]),\n",
       "  array([0.28960913, 0.11679904, 0.16777424, 0.19621459, 0.04227418,\n",
       "         0.07487126, 0.27314177, 0.09041409, 0.09472206, 1.        ,\n",
       "         1.28422518, 1.26310585, 1.6974178 , 1.67536381, 1.66870824]),\n",
       "  array([0.24175765, 0.07392055, 0.11123084, 0.15287788, 0.02472115,\n",
       "         0.04250425, 0.17484983, 0.05046782, 0.054226  , 1.        ,\n",
       "         1.29191521, 1.27369932, 1.70888577, 1.68800226, 1.68248598]),\n",
       "  array([0.19530433, 0.04237228, 0.06951117, 0.11486148, 0.01207006,\n",
       "         0.02076631, 0.10751038, 0.02563688, 0.02794516, 1.        ,\n",
       "         1.29603376, 1.27983815, 1.7135431 , 1.69438032, 1.690916  ]),\n",
       "  array([0.15327488, 0.02179433, 0.04165693, 0.08490929, 0.0052336 ,\n",
       "         0.00879572, 0.06481085, 0.01142472, 0.0122021 , 1.        ,\n",
       "         1.29960357, 1.28596227, 1.72002205, 1.70308597, 1.70190026]),\n",
       "  array([0.11499476, 0.01031229, 0.02542737, 0.05796999, 0.00188085,\n",
       "         0.00399908, 0.03639498, 0.00451939, 0.00573851, 1.        ,\n",
       "         1.3034354 , 1.29052983, 1.72633926, 1.70994034, 1.71011704]),\n",
       "  array([1.        , 1.3252262 , 1.31260378])],\n",
       " 'varcovs': [array([[ 6.03930206e-05,  1.69232487e-05,  9.13547504e-06,\n",
       "          -5.63887630e-06,  6.03054712e-07,  1.04101185e-05,\n",
       "           3.06547261e-05,  1.18599610e-05,  4.59589399e-06,\n",
       "           0.00000000e+00, -2.30907296e-06, -3.97901560e-06,\n",
       "           4.87465480e-06,  4.29538970e-06,  5.32367639e-06],\n",
       "         [ 1.69232487e-05,  1.28916387e-05,  1.57276196e-05,\n",
       "           1.05605057e-05,  2.18692599e-06,  9.81016993e-07,\n",
       "           3.54964481e-05,  1.57890152e-05,  9.94748848e-06,\n",
       "           0.00000000e+00,  3.43567503e-06,  5.81796598e-06,\n",
       "           1.13825903e-05,  1.42475548e-05,  1.73124617e-05],\n",
       "         [ 9.13547504e-06,  1.57276196e-05,  6.16645580e-05,\n",
       "           3.65200031e-05, -4.84684926e-06,  4.54595835e-06,\n",
       "           1.72320063e-04,  4.43358191e-05,  2.47784111e-05,\n",
       "           0.00000000e+00,  2.33595737e-05,  2.40858462e-05,\n",
       "           7.66428833e-05,  7.96991764e-05,  8.60798998e-05],\n",
       "         [-5.63887630e-06,  1.05605057e-05,  3.65200031e-05,\n",
       "           6.69916499e-05,  1.21284416e-05,  1.44462795e-05,\n",
       "           1.29099938e-04,  3.94905880e-05,  2.18740191e-05,\n",
       "           0.00000000e+00,  2.28725184e-05,  2.65515280e-05,\n",
       "           6.35524189e-05,  6.93719725e-05,  7.74299466e-05],\n",
       "         [ 6.03054712e-07,  2.18692599e-06, -4.84684926e-06,\n",
       "           1.21284416e-05,  2.58284368e-05,  1.37279750e-05,\n",
       "           7.79025506e-07,  1.47339664e-05,  4.30307847e-06,\n",
       "           0.00000000e+00, -6.92824600e-06, -2.63240440e-06,\n",
       "          -2.00859353e-05, -1.36871168e-05, -8.90820559e-06],\n",
       "         [ 1.04101185e-05,  9.81016993e-07,  4.54595835e-06,\n",
       "           1.44462795e-05,  1.37279750e-05,  5.88499407e-05,\n",
       "           4.00150074e-05,  1.01669380e-05,  1.88673302e-05,\n",
       "           0.00000000e+00, -1.17255527e-06, -9.84738117e-06,\n",
       "           1.63471992e-06, -6.09937776e-06, -9.78371387e-06],\n",
       "         [ 3.06547261e-05,  3.54964481e-05,  1.72320063e-04,\n",
       "           1.29099938e-04,  7.79025506e-07,  4.00150074e-05,\n",
       "           6.63702053e-04,  2.06156276e-04,  1.26212397e-04,\n",
       "           0.00000000e+00,  7.27938036e-05,  7.14898176e-05,\n",
       "           2.54739343e-04,  2.64378889e-04,  2.88485119e-04],\n",
       "         [ 1.18599610e-05,  1.57890152e-05,  4.43358191e-05,\n",
       "           3.94905880e-05,  1.47339664e-05,  1.01669380e-05,\n",
       "           2.06156276e-04,  1.10335614e-04,  6.74041551e-05,\n",
       "           0.00000000e+00,  1.49539446e-05,  2.16352550e-05,\n",
       "           5.07955648e-05,  6.36053751e-05,  7.90399320e-05],\n",
       "         [ 4.59589399e-06,  9.94748848e-06,  2.47784111e-05,\n",
       "           2.18740191e-05,  4.30307847e-06,  1.88673302e-05,\n",
       "           1.26212397e-04,  6.74041551e-05,  6.34539395e-05,\n",
       "           0.00000000e+00,  1.06774693e-05,  9.90431778e-06,\n",
       "           3.44913902e-05,  3.49799329e-05,  3.85626191e-05],\n",
       "         [ 0.00000000e+00,  0.00000000e+00,  0.00000000e+00,\n",
       "           0.00000000e+00,  0.00000000e+00,  0.00000000e+00,\n",
       "           0.00000000e+00,  0.00000000e+00,  0.00000000e+00,\n",
       "           0.00000000e+00,  0.00000000e+00,  0.00000000e+00,\n",
       "           0.00000000e+00,  0.00000000e+00,  0.00000000e+00],\n",
       "         [-2.30907296e-06,  3.43567503e-06,  2.33595737e-05,\n",
       "           2.28725184e-05, -6.92824600e-06, -1.17255527e-06,\n",
       "           7.27938036e-05,  1.49539446e-05,  1.06774693e-05,\n",
       "           0.00000000e+00,  1.72702682e-05,  1.72939438e-05,\n",
       "           4.92588880e-05,  4.89013109e-05,  5.01682075e-05],\n",
       "         [-3.97901560e-06,  5.81796598e-06,  2.40858462e-05,\n",
       "           2.65515280e-05, -2.63240440e-06, -9.84738117e-06,\n",
       "           7.14898176e-05,  2.16352550e-05,  9.90431778e-06,\n",
       "           0.00000000e+00,  1.72939438e-05,  2.25345161e-05,\n",
       "           4.62941465e-05,  5.18861808e-05,  5.70475707e-05],\n",
       "         [ 4.87465480e-06,  1.13825903e-05,  7.66428833e-05,\n",
       "           6.35524189e-05, -2.00859353e-05,  1.63471992e-06,\n",
       "           2.54739343e-04,  5.07955648e-05,  3.44913902e-05,\n",
       "           0.00000000e+00,  4.92588880e-05,  4.62941465e-05,\n",
       "           1.52772431e-04,  1.49510324e-04,  1.52936779e-04],\n",
       "         [ 4.29538970e-06,  1.42475548e-05,  7.96991764e-05,\n",
       "           6.93719725e-05, -1.36871168e-05, -6.09937776e-06,\n",
       "           2.64378889e-04,  6.36053751e-05,  3.49799329e-05,\n",
       "           0.00000000e+00,  4.89013109e-05,  5.18861808e-05,\n",
       "           1.49510324e-04,  1.54612942e-04,  1.64274466e-04],\n",
       "         [ 5.32367639e-06,  1.73124617e-05,  8.60798998e-05,\n",
       "           7.74299466e-05, -8.90820559e-06, -9.78371387e-06,\n",
       "           2.88485119e-04,  7.90399320e-05,  3.85626191e-05,\n",
       "           0.00000000e+00,  5.01682075e-05,  5.70475707e-05,\n",
       "           1.52936779e-04,  1.64274466e-04,  1.79877040e-04]]),\n",
       "  array([[ 5.94007569e-05,  2.42840354e-05,  5.41873151e-06,\n",
       "           4.09088212e-06,  6.94086504e-06,  2.88672331e-05,\n",
       "           1.52890757e-05,  1.04550396e-05,  1.66951356e-05,\n",
       "           0.00000000e+00, -1.72539406e-06, -4.18853962e-06,\n",
       "          -2.04630039e-06, -5.80138842e-06, -7.45182287e-06],\n",
       "         [ 2.42840354e-05,  2.33319107e-05,  1.69553947e-05,\n",
       "           1.21232136e-05,  1.11498197e-05,  1.47375615e-05,\n",
       "           1.06449509e-05,  1.26675192e-05,  1.25052342e-05,\n",
       "           0.00000000e+00, -1.72077729e-06,  2.10391776e-06,\n",
       "          -5.33089287e-06, -2.00315978e-06, -2.58094851e-07],\n",
       "         [ 5.41873151e-06,  1.69553947e-05,  5.35855665e-05,\n",
       "           2.50105728e-05,  6.61908426e-06,  1.97481031e-06,\n",
       "           1.22242865e-04,  5.02723730e-05,  2.22944346e-05,\n",
       "           0.00000000e+00,  1.24812672e-05,  1.56944619e-05,\n",
       "           4.37921134e-05,  4.97110500e-05,  5.82431498e-05],\n",
       "         [ 4.09088212e-06,  1.21232136e-05,  2.50105728e-05,\n",
       "           7.61229475e-05,  3.02705229e-05,  3.13197335e-05,\n",
       "           9.20691030e-05,  4.04238085e-05,  3.12734184e-05,\n",
       "           0.00000000e+00,  1.67813020e-05,  1.99719024e-05,\n",
       "           4.28309726e-05,  4.25205655e-05,  4.28470556e-05],\n",
       "         [ 6.94086504e-06,  1.11498197e-05,  6.61908426e-06,\n",
       "           3.02705229e-05,  4.61872245e-05,  4.10280233e-05,\n",
       "          -5.38592751e-06,  2.36519397e-05,  1.80846725e-05,\n",
       "           0.00000000e+00, -6.50688219e-06, -1.74996742e-06,\n",
       "          -2.29000235e-05, -1.75414670e-05, -1.56905397e-05],\n",
       "         [ 2.88672331e-05,  1.47375615e-05,  1.97481031e-06,\n",
       "           3.13197335e-05,  4.10280233e-05,  9.67761345e-05,\n",
       "           2.48862003e-06,  1.44915767e-05,  2.84604291e-05,\n",
       "           0.00000000e+00, -6.44413383e-06, -1.61154050e-05,\n",
       "          -2.20860301e-05, -3.13226532e-05, -3.84839978e-05],\n",
       "         [ 1.52890757e-05,  1.06449509e-05,  1.22242865e-04,\n",
       "           9.20691030e-05, -5.38592751e-06,  2.48862003e-06,\n",
       "           5.49665691e-04,  2.18564729e-04,  1.19669673e-04,\n",
       "           0.00000000e+00,  6.13251323e-05,  5.72842568e-05,\n",
       "           2.12332505e-04,  2.14072028e-04,  2.34094894e-04],\n",
       "         [ 1.04550396e-05,  1.26675192e-05,  5.02723730e-05,\n",
       "           4.04238085e-05,  2.36519397e-05,  1.44915767e-05,\n",
       "           2.18564729e-04,  1.47627121e-04,  8.44217958e-05,\n",
       "           0.00000000e+00,  1.31599654e-05,  1.76515661e-05,\n",
       "           4.43973382e-05,  5.38939802e-05,  6.81474258e-05],\n",
       "         [ 1.66951356e-05,  1.25052342e-05,  2.22944346e-05,\n",
       "           3.12734184e-05,  1.80846725e-05,  2.84604291e-05,\n",
       "           1.19669673e-04,  8.44217958e-05,  7.77733056e-05,\n",
       "           0.00000000e+00,  8.29176154e-06,  6.91986130e-06,\n",
       "           2.87070820e-05,  2.67084870e-05,  2.80466952e-05],\n",
       "         [ 0.00000000e+00,  0.00000000e+00,  0.00000000e+00,\n",
       "           0.00000000e+00,  0.00000000e+00,  0.00000000e+00,\n",
       "           0.00000000e+00,  0.00000000e+00,  0.00000000e+00,\n",
       "           0.00000000e+00,  0.00000000e+00,  0.00000000e+00,\n",
       "           0.00000000e+00,  0.00000000e+00,  0.00000000e+00],\n",
       "         [-1.72539406e-06, -1.72077729e-06,  1.24812672e-05,\n",
       "           1.67813020e-05, -6.50688219e-06, -6.44413383e-06,\n",
       "           6.13251323e-05,  1.31599654e-05,  8.29176154e-06,\n",
       "           0.00000000e+00,  1.46374222e-05,  1.41060155e-05,\n",
       "           4.43440756e-05,  4.22222240e-05,  4.27452798e-05],\n",
       "         [-4.18853962e-06,  2.10391776e-06,  1.56944619e-05,\n",
       "           1.99719024e-05, -1.74996742e-06, -1.61154050e-05,\n",
       "           5.72842568e-05,  1.76515661e-05,  6.91986130e-06,\n",
       "           0.00000000e+00,  1.41060155e-05,  2.06976028e-05,\n",
       "           4.13447066e-05,  4.64684740e-05,  5.10057822e-05],\n",
       "         [-2.04630039e-06, -5.33089287e-06,  4.37921134e-05,\n",
       "           4.28309726e-05, -2.29000235e-05, -2.20860301e-05,\n",
       "           2.12332505e-04,  4.43973382e-05,  2.87070820e-05,\n",
       "           0.00000000e+00,  4.43440756e-05,  4.13447066e-05,\n",
       "           1.45271059e-04,  1.39011247e-04,  1.42519734e-04],\n",
       "         [-5.80138842e-06, -2.00315978e-06,  4.97110500e-05,\n",
       "           4.25205655e-05, -1.75414670e-05, -3.13226532e-05,\n",
       "           2.14072028e-04,  5.38939802e-05,  2.67084870e-05,\n",
       "           0.00000000e+00,  4.22222240e-05,  4.64684740e-05,\n",
       "           1.39011247e-04,  1.42563096e-04,  1.52461151e-04],\n",
       "         [-7.45182287e-06, -2.58094851e-07,  5.82431498e-05,\n",
       "           4.28470556e-05, -1.56905397e-05, -3.84839978e-05,\n",
       "           2.34094894e-04,  6.81474258e-05,  2.80466952e-05,\n",
       "           0.00000000e+00,  4.27452798e-05,  5.10057822e-05,\n",
       "           1.42519734e-04,  1.52461151e-04,  1.68712970e-04]]),\n",
       "  array([[ 5.51182577e-05,  1.77707515e-05,  2.30162575e-06,\n",
       "          -3.17281342e-06,  1.98603069e-06,  1.07869547e-05,\n",
       "           1.23173033e-06, -6.54470490e-06, -6.29699576e-07,\n",
       "           0.00000000e+00, -3.45149167e-07, -1.35260489e-06,\n",
       "           5.35952091e-06,  5.47946396e-06,  4.42166097e-06],\n",
       "         [ 1.77707515e-05,  1.46621559e-05,  1.32910787e-05,\n",
       "           9.55015829e-06,  5.78551035e-06,  4.27057466e-06,\n",
       "           1.72743286e-05,  8.95498004e-06,  7.56305799e-06,\n",
       "           0.00000000e+00,  1.70293285e-06,  4.60727516e-06,\n",
       "           6.00394415e-06,  9.46611018e-06,  1.22445166e-05],\n",
       "         [ 2.30162575e-06,  1.32910787e-05,  4.54309164e-05,\n",
       "           3.03723623e-05,  5.46538955e-06,  4.41623382e-06,\n",
       "           1.12164352e-04,  3.41449477e-05,  2.19656088e-05,\n",
       "           0.00000000e+00,  1.79649270e-05,  2.22823351e-05,\n",
       "           5.48386924e-05,  6.10030599e-05,  6.84205203e-05],\n",
       "         [-3.17281342e-06,  9.55015829e-06,  3.03723623e-05,\n",
       "           6.03574592e-05,  1.32178764e-05,  3.04347183e-06,\n",
       "           1.12127983e-04,  3.56765774e-05,  2.06587772e-05,\n",
       "           0.00000000e+00,  1.82741308e-05,  2.08336753e-05,\n",
       "           5.18634351e-05,  5.59171854e-05,  6.08110030e-05],\n",
       "         [ 1.98603069e-06,  5.78551035e-06,  5.46538955e-06,\n",
       "           1.32178764e-05,  2.74933159e-05,  1.83053761e-05,\n",
       "           6.62048624e-06,  1.91304460e-05,  5.87053942e-06,\n",
       "           0.00000000e+00, -4.59839027e-06,  1.22330818e-06,\n",
       "          -1.39445032e-05, -5.40578164e-06,  1.31403781e-06],\n",
       "         [ 1.07869547e-05,  4.27057466e-06,  4.41623382e-06,\n",
       "           3.04347183e-06,  1.83053761e-05,  4.19045116e-05,\n",
       "           7.20470314e-06,  6.80355054e-06,  1.23387355e-05,\n",
       "           0.00000000e+00, -1.17141218e-06, -2.55978099e-06,\n",
       "          -7.47686366e-07, -1.52961307e-07,  1.81817485e-06],\n",
       "         [ 1.23173033e-06,  1.72743286e-05,  1.12164352e-04,\n",
       "           1.12127983e-04,  6.62048624e-06,  7.20470314e-06,\n",
       "           4.78730254e-04,  1.46152098e-04,  9.72590267e-05,\n",
       "           0.00000000e+00,  6.72386034e-05,  7.06035324e-05,\n",
       "           2.14128382e-04,  2.23805127e-04,  2.39364256e-04],\n",
       "         [-6.54470490e-06,  8.95498004e-06,  3.41449477e-05,\n",
       "           3.56765774e-05,  1.91304460e-05,  6.80355054e-06,\n",
       "           1.46152098e-04,  8.48111706e-05,  5.13486571e-05,\n",
       "           0.00000000e+00,  1.19817770e-05,  1.98759086e-05,\n",
       "           3.50542477e-05,  4.78612090e-05,  6.10622605e-05],\n",
       "         [-6.29699576e-07,  7.56305799e-06,  2.19656088e-05,\n",
       "           2.06587772e-05,  5.87053942e-06,  1.23387355e-05,\n",
       "           9.72590267e-05,  5.13486571e-05,  5.39044661e-05,\n",
       "           0.00000000e+00,  1.09262141e-05,  1.07586706e-05,\n",
       "           3.49615329e-05,  3.57232398e-05,  3.86603108e-05],\n",
       "         [ 0.00000000e+00,  0.00000000e+00,  0.00000000e+00,\n",
       "           0.00000000e+00,  0.00000000e+00,  0.00000000e+00,\n",
       "           0.00000000e+00,  0.00000000e+00,  0.00000000e+00,\n",
       "           0.00000000e+00,  0.00000000e+00,  0.00000000e+00,\n",
       "           0.00000000e+00,  0.00000000e+00,  0.00000000e+00],\n",
       "         [-3.45149167e-07,  1.70293285e-06,  1.79649270e-05,\n",
       "           1.82741308e-05, -4.59839027e-06, -1.17141218e-06,\n",
       "           6.72386034e-05,  1.19817770e-05,  1.09262141e-05,\n",
       "           0.00000000e+00,  1.48249545e-05,  1.37318495e-05,\n",
       "           4.47391936e-05,  4.30600777e-05,  4.29661924e-05],\n",
       "         [-1.35260489e-06,  4.60727516e-06,  2.22823351e-05,\n",
       "           2.08336753e-05,  1.22330818e-06, -2.55978099e-06,\n",
       "           7.06035324e-05,  1.98759086e-05,  1.07586706e-05,\n",
       "           0.00000000e+00,  1.37318495e-05,  1.78105532e-05,\n",
       "           3.97239997e-05,  4.38729391e-05,  4.79068426e-05],\n",
       "         [ 5.35952091e-06,  6.00394415e-06,  5.48386924e-05,\n",
       "           5.18634351e-05, -1.39445032e-05, -7.47686366e-07,\n",
       "           2.14128382e-04,  3.50542477e-05,  3.49615329e-05,\n",
       "           0.00000000e+00,  4.47391936e-05,  3.97239997e-05,\n",
       "           1.42603034e-04,  1.35591027e-04,  1.34359567e-04],\n",
       "         [ 5.47946396e-06,  9.46611018e-06,  6.10030599e-05,\n",
       "           5.59171854e-05, -5.40578164e-06, -1.52961307e-07,\n",
       "           2.23805127e-04,  4.78612090e-05,  3.57232398e-05,\n",
       "           0.00000000e+00,  4.30600777e-05,  4.38729391e-05,\n",
       "           1.35591027e-04,  1.36699296e-04,  1.41465219e-04],\n",
       "         [ 4.42166097e-06,  1.22445166e-05,  6.84205203e-05,\n",
       "           6.08110030e-05,  1.31403781e-06,  1.81817485e-06,\n",
       "           2.39364256e-04,  6.10622605e-05,  3.86603108e-05,\n",
       "           0.00000000e+00,  4.29661924e-05,  4.79068426e-05,\n",
       "           1.34359567e-04,  1.41465219e-04,  1.51942359e-04]]),\n",
       "  array([[ 4.42962603e-05,  1.17637689e-05,  5.12106263e-08,\n",
       "          -3.84163493e-06, -9.69099549e-07,  1.22686143e-05,\n",
       "          -6.65682406e-06, -8.51770522e-06, -6.13436418e-07,\n",
       "           0.00000000e+00, -1.78622787e-06, -5.42683078e-06,\n",
       "           3.03654702e-06, -9.88868737e-07, -3.53353356e-06],\n",
       "         [ 1.17637689e-05,  1.27220177e-05,  9.97538586e-06,\n",
       "           9.53348595e-06,  2.89985352e-06, -4.86010068e-07,\n",
       "           2.33678648e-06,  2.91552681e-06,  4.03197055e-06,\n",
       "           0.00000000e+00,  9.98245287e-07,  3.37363402e-06,\n",
       "           3.42194971e-06,  5.22646162e-06,  6.30002228e-06],\n",
       "         [ 5.12106263e-08,  9.97538586e-06,  4.17190384e-05,\n",
       "           2.85866353e-05,  1.60172148e-06,  1.95261053e-06,\n",
       "           1.06663397e-04,  2.96015502e-05,  1.73105122e-05,\n",
       "           0.00000000e+00,  1.62554129e-05,  1.83831555e-05,\n",
       "           5.30197056e-05,  5.75099563e-05,  6.39771725e-05],\n",
       "         [-3.84163493e-06,  9.53348595e-06,  2.85866353e-05,\n",
       "           6.38711296e-05,  2.11129567e-05,  2.12412633e-05,\n",
       "           8.41690666e-05,  2.09080533e-05,  1.53232466e-05,\n",
       "           0.00000000e+00,  1.94589966e-05,  2.35241816e-05,\n",
       "           5.42365066e-05,  5.81758888e-05,  6.38148379e-05],\n",
       "         [-9.69099549e-07,  2.89985352e-06,  1.60172148e-06,\n",
       "           2.11129567e-05,  3.19778251e-05,  2.23421235e-05,\n",
       "           9.17903008e-06,  1.81092673e-05,  1.03212203e-05,\n",
       "           0.00000000e+00, -4.08438595e-06,  1.20105756e-06,\n",
       "          -1.36063526e-05, -7.18653437e-06, -3.71995525e-06],\n",
       "         [ 1.22686143e-05, -4.86010068e-07,  1.95261053e-06,\n",
       "           2.12412633e-05,  2.23421235e-05,  5.12397775e-05,\n",
       "           2.85069615e-05, -1.75285351e-06,  8.39543820e-06,\n",
       "           0.00000000e+00,  2.87370178e-06, -2.29921163e-06,\n",
       "           1.37809683e-05,  7.99153660e-06,  4.90624823e-06],\n",
       "         [-6.65682406e-06,  2.33678648e-06,  1.06663397e-04,\n",
       "           8.41690666e-05,  9.17903008e-06,  2.85069615e-05,\n",
       "           4.51574848e-04,  1.28853092e-04,  8.64213643e-05,\n",
       "           0.00000000e+00,  5.96886496e-05,  5.99705067e-05,\n",
       "           2.05891879e-04,  2.16657385e-04,  2.36012509e-04],\n",
       "         [-8.51770522e-06,  2.91552681e-06,  2.96015502e-05,\n",
       "           2.09080533e-05,  1.81092673e-05, -1.75285351e-06,\n",
       "           1.28853092e-04,  7.65865796e-05,  4.42249905e-05,\n",
       "           0.00000000e+00,  7.56244494e-06,  1.61682064e-05,\n",
       "           2.48689993e-05,  3.91567645e-05,  5.08588844e-05],\n",
       "         [-6.13436418e-07,  4.03197055e-06,  1.73105122e-05,\n",
       "           1.53232466e-05,  1.03212203e-05,  8.39543820e-06,\n",
       "           8.64213643e-05,  4.42249905e-05,  4.56153825e-05,\n",
       "           0.00000000e+00,  8.96615819e-06,  1.09575882e-05,\n",
       "           3.14924154e-05,  3.48460322e-05,  3.69401957e-05],\n",
       "         [ 0.00000000e+00,  0.00000000e+00,  0.00000000e+00,\n",
       "           0.00000000e+00,  0.00000000e+00,  0.00000000e+00,\n",
       "           0.00000000e+00,  0.00000000e+00,  0.00000000e+00,\n",
       "           0.00000000e+00,  0.00000000e+00,  0.00000000e+00,\n",
       "           0.00000000e+00,  0.00000000e+00,  0.00000000e+00],\n",
       "         [-1.78622787e-06,  9.98245287e-07,  1.62554129e-05,\n",
       "           1.94589966e-05, -4.08438595e-06,  2.87370178e-06,\n",
       "           5.96886496e-05,  7.56244494e-06,  8.96615819e-06,\n",
       "           0.00000000e+00,  1.53551633e-05,  1.42318548e-05,\n",
       "           4.64480692e-05,  4.49058489e-05,  4.57847140e-05],\n",
       "         [-5.42683078e-06,  3.37363402e-06,  1.83831555e-05,\n",
       "           2.35241816e-05,  1.20105756e-06, -2.29921163e-06,\n",
       "           5.99705067e-05,  1.61682064e-05,  1.09575882e-05,\n",
       "           0.00000000e+00,  1.42318548e-05,  1.74740210e-05,\n",
       "           4.00630670e-05,  4.34071980e-05,  4.72029820e-05],\n",
       "         [ 3.03654702e-06,  3.42194971e-06,  5.30197056e-05,\n",
       "           5.42365066e-05, -1.36063526e-05,  1.37809683e-05,\n",
       "           2.05891879e-04,  2.48689993e-05,  3.14924154e-05,\n",
       "           0.00000000e+00,  4.64480692e-05,  4.00630670e-05,\n",
       "           1.51503153e-04,  1.44566566e-04,  1.46544719e-04],\n",
       "         [-9.88868737e-07,  5.22646162e-06,  5.75099563e-05,\n",
       "           5.81758888e-05, -7.18653437e-06,  7.99153660e-06,\n",
       "           2.16657385e-04,  3.91567645e-05,  3.48460322e-05,\n",
       "           0.00000000e+00,  4.49058489e-05,  4.34071980e-05,\n",
       "           1.44566566e-04,  1.44562522e-04,  1.51189757e-04],\n",
       "         [-3.53353356e-06,  6.30002228e-06,  6.39771725e-05,\n",
       "           6.38148379e-05, -3.71995525e-06,  4.90624823e-06,\n",
       "           2.36012509e-04,  5.08588844e-05,  3.69401957e-05,\n",
       "           0.00000000e+00,  4.57847140e-05,  4.72029820e-05,\n",
       "           1.46544719e-04,  1.51189757e-04,  1.62351487e-04]]),\n",
       "  array([[ 4.15287720e-05,  1.32521784e-05,  4.92086512e-06,\n",
       "           3.76800723e-06,  2.51625673e-06,  8.19052157e-06,\n",
       "           8.00495350e-06, -4.69821994e-06,  2.21965606e-06,\n",
       "           0.00000000e+00,  2.21458049e-06,  5.03229335e-07,\n",
       "           1.25918952e-05,  1.06340622e-05,  9.39695522e-06],\n",
       "         [ 1.32521784e-05,  1.03751958e-05,  1.02747464e-05,\n",
       "           9.76851687e-06,  3.20176287e-06, -4.61963993e-07,\n",
       "           1.27465139e-05,  4.92072537e-06,  5.51119449e-06,\n",
       "           0.00000000e+00,  2.65610612e-06,  4.29352822e-06,\n",
       "           8.37259307e-06,  9.96985461e-06,  1.16339599e-05],\n",
       "         [ 4.92086512e-06,  1.02747464e-05,  4.11171588e-05,\n",
       "           2.64443422e-05,  4.93536831e-06,  5.28962072e-06,\n",
       "           1.06129173e-04,  3.24787562e-05,  2.27217359e-05,\n",
       "           0.00000000e+00,  1.81432976e-05,  2.05716141e-05,\n",
       "           5.62424661e-05,  6.00879887e-05,  6.59601414e-05],\n",
       "         [ 3.76800723e-06,  9.76851687e-06,  2.64443422e-05,\n",
       "           4.37476351e-05,  1.13642774e-05,  7.63933345e-06,\n",
       "           7.95976745e-05,  3.00270717e-05,  1.85160840e-05,\n",
       "           0.00000000e+00,  1.51348489e-05,  1.78145922e-05,\n",
       "           3.99622528e-05,  4.37321146e-05,  4.87058446e-05],\n",
       "         [ 2.51625673e-06,  3.20176287e-06,  4.93536831e-06,\n",
       "           1.13642774e-05,  2.22644883e-05,  1.33433655e-05,\n",
       "           1.72992481e-05,  2.04389133e-05,  8.73865516e-06,\n",
       "           0.00000000e+00, -3.90583016e-06,  1.47588138e-07,\n",
       "          -1.11908107e-05, -4.21220703e-06,  1.34796632e-06],\n",
       "         [ 8.19052157e-06, -4.61963993e-07,  5.28962072e-06,\n",
       "           7.63933345e-06,  1.33433655e-05,  3.82557916e-05,\n",
       "           3.04716566e-05,  9.91308005e-06,  1.35577672e-05,\n",
       "           0.00000000e+00,  1.66577823e-06, -3.40318532e-06,\n",
       "           6.95235671e-06,  3.78432676e-06,  2.04975742e-06],\n",
       "         [ 8.00495350e-06,  1.27465139e-05,  1.06129173e-04,\n",
       "           7.95976745e-05,  1.72992481e-05,  3.04716566e-05,\n",
       "           4.17372582e-04,  1.48050408e-04,  1.02509143e-04,\n",
       "           0.00000000e+00,  5.92489639e-05,  6.40652666e-05,\n",
       "           1.92186295e-04,  2.03810584e-04,  2.21985150e-04],\n",
       "         [-4.69821994e-06,  4.92072537e-06,  3.24787562e-05,\n",
       "           3.00270717e-05,  2.04389133e-05,  9.91308005e-06,\n",
       "           1.48050408e-04,  8.21147759e-05,  5.05994981e-05,\n",
       "           0.00000000e+00,  1.18580261e-05,  1.91020949e-05,\n",
       "           3.89168560e-05,  5.09837675e-05,  6.35307251e-05],\n",
       "         [ 2.21965606e-06,  5.51119449e-06,  2.27217359e-05,\n",
       "           1.85160840e-05,  8.73865516e-06,  1.35577672e-05,\n",
       "           1.02509143e-04,  5.05994981e-05,  4.62587258e-05,\n",
       "           0.00000000e+00,  1.05771905e-05,  1.22031188e-05,\n",
       "           3.55764292e-05,  3.88106406e-05,  4.29505056e-05],\n",
       "         [ 0.00000000e+00,  0.00000000e+00,  0.00000000e+00,\n",
       "           0.00000000e+00,  0.00000000e+00,  0.00000000e+00,\n",
       "           0.00000000e+00,  0.00000000e+00,  0.00000000e+00,\n",
       "           0.00000000e+00,  0.00000000e+00,  0.00000000e+00,\n",
       "           0.00000000e+00,  0.00000000e+00,  0.00000000e+00],\n",
       "         [ 2.21458049e-06,  2.65610612e-06,  1.81432976e-05,\n",
       "           1.51348489e-05, -3.90583016e-06,  1.66577823e-06,\n",
       "           5.92489639e-05,  1.18580261e-05,  1.05771905e-05,\n",
       "           0.00000000e+00,  1.51442777e-05,  1.46935677e-05,\n",
       "           4.43636086e-05,  4.30585719e-05,  4.37207918e-05],\n",
       "         [ 5.03229335e-07,  4.29352822e-06,  2.05716141e-05,\n",
       "           1.78145922e-05,  1.47588138e-07, -3.40318532e-06,\n",
       "           6.40652666e-05,  1.91020949e-05,  1.22031188e-05,\n",
       "           0.00000000e+00,  1.46935677e-05,  1.79307210e-05,\n",
       "           4.20978924e-05,  4.50521745e-05,  4.89724875e-05],\n",
       "         [ 1.25918952e-05,  8.37259307e-06,  5.62424661e-05,\n",
       "           3.99622528e-05, -1.11908107e-05,  6.95235671e-06,\n",
       "           1.92186295e-04,  3.89168560e-05,  3.55764292e-05,\n",
       "           0.00000000e+00,  4.43636086e-05,  4.20978924e-05,\n",
       "           1.38565389e-04,  1.34420905e-04,  1.36553686e-04],\n",
       "         [ 1.06340622e-05,  9.96985461e-06,  6.00879887e-05,\n",
       "           4.37321146e-05, -4.21220703e-06,  3.78432676e-06,\n",
       "           2.03810584e-04,  5.09837675e-05,  3.88106406e-05,\n",
       "           0.00000000e+00,  4.30585719e-05,  4.50521745e-05,\n",
       "           1.34420905e-04,  1.36380422e-04,  1.43250382e-04],\n",
       "         [ 9.39695522e-06,  1.16339599e-05,  6.59601414e-05,\n",
       "           4.87058446e-05,  1.34796632e-06,  2.04975742e-06,\n",
       "           2.21985150e-04,  6.35307251e-05,  4.29505056e-05,\n",
       "           0.00000000e+00,  4.37207918e-05,  4.89724875e-05,\n",
       "           1.36553686e-04,  1.43250382e-04,  1.54598755e-04]]),\n",
       "  array([[ 4.37288867e-05,  1.25330291e-05,  1.04029891e-06,\n",
       "          -1.50712422e-06,  2.59203326e-06,  9.12147187e-06,\n",
       "           2.15091125e-07, -7.12477897e-08,  2.79257686e-06,\n",
       "           0.00000000e+00, -1.19707767e-07, -1.50599742e-06,\n",
       "           5.06668308e-06,  3.17211830e-06,  9.83285051e-07],\n",
       "         [ 1.25330291e-05,  9.00988387e-06,  7.47349457e-06,\n",
       "           5.41455267e-06,  1.64496642e-06, -1.33010238e-06,\n",
       "           4.47466283e-06,  1.04418385e-06,  6.82106605e-07,\n",
       "           0.00000000e+00,  1.38557909e-06,  2.78220183e-06,\n",
       "           4.92595353e-06,  5.93125064e-06,  6.94702646e-06],\n",
       "         [ 1.04029891e-06,  7.47349457e-06,  3.55257102e-05,\n",
       "           2.58660382e-05,  3.11369009e-06, -7.72596696e-07,\n",
       "           8.84137977e-05,  2.34208039e-05,  1.33843285e-05,\n",
       "           0.00000000e+00,  1.64677792e-05,  1.76980166e-05,\n",
       "           5.18128230e-05,  5.35564585e-05,  5.77757616e-05],\n",
       "         [-1.50712422e-06,  5.41455267e-06,  2.58660382e-05,\n",
       "           4.32455502e-05,  1.12800886e-05,  6.35806675e-06,\n",
       "           7.88012814e-05,  2.32774191e-05,  1.33249179e-05,\n",
       "           0.00000000e+00,  1.47445030e-05,  1.64377436e-05,\n",
       "           4.35196474e-05,  4.66747575e-05,  5.23655456e-05],\n",
       "         [ 2.59203326e-06,  1.64496642e-06,  3.11369009e-06,\n",
       "           1.12800886e-05,  2.08387487e-05,  1.40732825e-05,\n",
       "           1.14112682e-05,  1.54454904e-05,  8.63282787e-06,\n",
       "           0.00000000e+00, -4.61077128e-06, -2.04913510e-06,\n",
       "          -1.07204320e-05, -5.89686057e-06, -1.65758773e-06],\n",
       "         [ 9.12147187e-06, -1.33010238e-06, -7.72596696e-07,\n",
       "           6.35806675e-06,  1.40732825e-05,  3.43138670e-05,\n",
       "           1.27787589e-05,  1.02207830e-05,  1.25661930e-05,\n",
       "           0.00000000e+00, -2.36025167e-06, -6.65098952e-06,\n",
       "          -2.55912298e-06, -5.54571682e-06, -6.50480793e-06],\n",
       "         [ 2.15091125e-07,  4.47466283e-06,  8.84137977e-05,\n",
       "           7.88012814e-05,  1.14112682e-05,  1.27787589e-05,\n",
       "           3.41396339e-04,  1.04522143e-04,  7.25884159e-05,\n",
       "           0.00000000e+00,  5.39721777e-05,  5.41991134e-05,\n",
       "           1.79650839e-04,  1.84495819e-04,  1.97246601e-04],\n",
       "         [-7.12477897e-08,  1.04418385e-06,  2.34208039e-05,\n",
       "           2.32774191e-05,  1.54454904e-05,  1.02207830e-05,\n",
       "           1.04522143e-04,  5.80055520e-05,  3.83349053e-05,\n",
       "           0.00000000e+00,  9.83601072e-06,  1.30153888e-05,\n",
       "           3.35499120e-05,  4.04458493e-05,  4.93900713e-05],\n",
       "         [ 2.79257686e-06,  6.82106605e-07,  1.33843285e-05,\n",
       "           1.33249179e-05,  8.63282787e-06,  1.25661930e-05,\n",
       "           7.25884159e-05,  3.83349053e-05,  3.68839744e-05,\n",
       "           0.00000000e+00,  8.10626265e-06,  7.67528748e-06,\n",
       "           2.96808223e-05,  3.05044995e-05,  3.34265324e-05],\n",
       "         [ 0.00000000e+00,  0.00000000e+00,  0.00000000e+00,\n",
       "           0.00000000e+00,  0.00000000e+00,  0.00000000e+00,\n",
       "           0.00000000e+00,  0.00000000e+00,  0.00000000e+00,\n",
       "           0.00000000e+00,  0.00000000e+00,  0.00000000e+00,\n",
       "           0.00000000e+00,  0.00000000e+00,  0.00000000e+00],\n",
       "         [-1.19707767e-07,  1.38557909e-06,  1.64677792e-05,\n",
       "           1.47445030e-05, -4.61077128e-06, -2.36025167e-06,\n",
       "           5.39721777e-05,  9.83601072e-06,  8.10626265e-06,\n",
       "           0.00000000e+00,  1.40961240e-05,  1.33124834e-05,\n",
       "           4.23918208e-05,  4.09351245e-05,  4.14115734e-05],\n",
       "         [-1.50599742e-06,  2.78220183e-06,  1.76980166e-05,\n",
       "           1.64377436e-05, -2.04913510e-06, -6.65098952e-06,\n",
       "           5.41991134e-05,  1.30153888e-05,  7.67528748e-06,\n",
       "           0.00000000e+00,  1.33124834e-05,  1.54395738e-05,\n",
       "           3.92302072e-05,  4.12964638e-05,  4.43840369e-05],\n",
       "         [ 5.06668308e-06,  4.92595353e-06,  5.18128230e-05,\n",
       "           4.35196474e-05, -1.07204320e-05, -2.55912298e-06,\n",
       "           1.79650839e-04,  3.35499120e-05,  2.96808223e-05,\n",
       "           0.00000000e+00,  4.23918208e-05,  3.92302072e-05,\n",
       "           1.34603421e-04,  1.29564614e-04,  1.30354998e-04],\n",
       "         [ 3.17211830e-06,  5.93125064e-06,  5.35564585e-05,\n",
       "           4.66747575e-05, -5.89686057e-06, -5.54571682e-06,\n",
       "           1.84495819e-04,  4.04458493e-05,  3.05044995e-05,\n",
       "           0.00000000e+00,  4.09351245e-05,  4.12964638e-05,\n",
       "           1.29564614e-04,  1.29713156e-04,  1.34434174e-04],\n",
       "         [ 9.83285051e-07,  6.94702646e-06,  5.77757616e-05,\n",
       "           5.23655456e-05, -1.65758773e-06, -6.50480793e-06,\n",
       "           1.97246601e-04,  4.93900713e-05,  3.34265324e-05,\n",
       "           0.00000000e+00,  4.14115734e-05,  4.43840369e-05,\n",
       "           1.30354998e-04,  1.34434174e-04,  1.42888913e-04]]),\n",
       "  array([[ 3.83461284e-05,  9.61555377e-06,  9.90579918e-07,\n",
       "          -1.83324719e-06, -5.77342538e-08,  1.05300277e-05,\n",
       "           4.21589337e-06,  1.41336262e-07,  4.35898231e-06,\n",
       "           0.00000000e+00, -3.58478063e-07, -3.02762740e-06,\n",
       "           5.13261578e-06,  2.51284709e-06,  7.35576145e-07],\n",
       "         [ 9.61555377e-06,  6.72829641e-06,  4.86580750e-06,\n",
       "           3.78180086e-06,  2.25201681e-06,  4.45594901e-07,\n",
       "           8.81468629e-07,  2.42515619e-06,  2.54867401e-06,\n",
