{
 "cells": [
  {
   "cell_type": "code",
   "execution_count": 19,
   "id": "774a1cf9",
   "metadata": {},
   "outputs": [],
   "source": [
    "import pickle\n",
    "import numpy as np\n"
   ]
  },
  {
   "cell_type": "code",
   "execution_count": 20,
   "id": "947b7eda",
   "metadata": {},
   "outputs": [],
   "source": [
    "with open('/projects/kernlab/akapoor/pg_gpu/traditional/MomentsLD_results/means.varcovs.traditional.100_reps.bp', 'rb') as f:\n",
    "    traditional_data = pickle.load(f)"
   ]
  },
  {
   "cell_type": "code",
   "execution_count": 21,
   "id": "5079122e",
   "metadata": {},
   "outputs": [
    {
     "data": {
      "text/plain": [
       "{'bins': [(0.0, 1e-06),\n",
       "  (1e-06, 1.584893192461114e-06),\n",
       "  (1.584893192461114e-06, 2.5118864315095823e-06),\n",
       "  (2.5118864315095823e-06, 3.981071705534969e-06),\n",
       "  (3.981071705534969e-06, 6.30957344480193e-06),\n",
       "  (6.30957344480193e-06, 9.999999999999999e-06),\n",
       "  (9.999999999999999e-06, 1.584893192461114e-05),\n",
       "  (1.584893192461114e-05, 2.5118864315095822e-05),\n",
       "  (2.5118864315095822e-05, 3.9810717055349695e-05),\n",
       "  (3.9810717055349695e-05, 6.309573444801929e-05),\n",
       "  (6.309573444801929e-05, 9.999999999999999e-05),\n",
       "  (9.999999999999999e-05, 0.00015848931924611142),\n",
       "  (0.00015848931924611142, 0.0002511886431509582),\n",
       "  (0.0002511886431509582, 0.0003981071705534973),\n",
       "  (0.0003981071705534973, 0.0006309573444801936),\n",
       "  (0.0006309573444801936, 0.001)],\n",
       " 'stats': (['DD_0_0',\n",
       "   'DD_0_1',\n",
       "   'DD_1_1',\n",
       "   'Dz_0_0_0',\n",
       "   'Dz_0_0_1',\n",
       "   'Dz_0_1_1',\n",
       "   'Dz_1_0_0',\n",
       "   'Dz_1_0_1',\n",
       "   'Dz_1_1_1',\n",
       "   'pi2_0_0_0_0',\n",
       "   'pi2_0_0_0_1',\n",
       "   'pi2_0_0_1_1',\n",
       "   'pi2_0_1_0_1',\n",
       "   'pi2_0_1_1_1',\n",
       "   'pi2_1_1_1_1'],\n",
       "  ['H_0_0', 'H_0_1', 'H_1_1']),\n",
       " 'pops': ['deme0', 'deme1'],\n",
       " 'means': [array([0.59041797, 0.47754348, 0.64992895, 0.5265577 , 0.21820066,\n",
       "         0.40990522, 1.1751928 , 0.49864245, 0.52555859, 1.        ,\n",
       "         1.22662073, 1.17043608, 1.61845773, 1.56701745, 1.55137071]),\n",
       "  array([0.59416512, 0.47413896, 0.64297239, 0.52084398, 0.21846791,\n",
       "         0.40401392, 1.15854489, 0.48547244, 0.5033326 , 1.        ,\n",
       "         1.22510559, 1.16820067, 1.61492036, 1.56559469, 1.55203363]),\n",
       "  array([0.58614277, 0.46947684, 0.63920798, 0.51018488, 0.20852161,\n",
       "         0.39038005, 1.14037112, 0.47635171, 0.50185096, 1.        ,\n",
       "         1.23149721, 1.17970831, 1.62806685, 1.57986205, 1.5659503 ]),\n",
       "  array([0.57686299, 0.45518317, 0.61682102, 0.49742224, 0.20545857,\n",
       "         0.39177555, 1.10459345, 0.46636959, 0.48820003, 1.        ,\n",
       "         1.22734348, 1.17163399, 1.61593327, 1.56582036, 1.55022706]),\n",
       "  array([0.56380098, 0.43956517, 0.59831667, 0.4878304 , 0.19731732,\n",
       "         0.36678078, 1.08201735, 0.45385974, 0.47284003, 1.        ,\n",
       "         1.23187667, 1.17889537, 1.62557314, 1.57716089, 1.56181109]),\n",
       "  array([0.54238304, 0.41601362, 0.56679931, 0.46531157, 0.1866017 ,\n",
       "         0.35250023, 1.01129831, 0.41767372, 0.44019639, 1.        ,\n",
       "         1.23563066, 1.18478055, 1.6311804 , 1.58405071, 1.56911506]),\n",
       "  array([0.51628952, 0.38364323, 0.52580884, 0.43934226, 0.17220298,\n",
       "         0.31932401, 0.93206322, 0.37933281, 0.39841364, 1.        ,\n",
       "         1.2421211 , 1.19517925, 1.6415405 , 1.59777754, 1.5830819 ]),\n",
       "  array([0.48317845, 0.3427729 , 0.47214367, 0.40078261, 0.14915971,\n",
       "         0.27895218, 0.82760751, 0.33149651, 0.34798289, 1.        ,\n",
       "         1.25112755, 1.20930622, 1.65605529, 1.61611768, 1.60212148]),\n",
       "  array([0.44113648, 0.28958371, 0.40192561, 0.3547131 , 0.12112908,\n",
       "         0.22303206, 0.69647948, 0.27149438, 0.28604261, 1.        ,\n",
       "         1.26034662, 1.22240667, 1.66985205, 1.63327432, 1.61920465]),\n",
       "  array([0.3917159 , 0.23089278, 0.3237992 , 0.30341989, 0.09292279,\n",
       "         0.17257819, 0.55150929, 0.20527001, 0.21767869, 1.        ,\n",
       "         1.27065898, 1.23788013, 1.68616444, 1.65280926, 1.63944426]),\n",
       "  array([0.34033063, 0.17151774, 0.24413949, 0.25047365, 0.06625044,\n",
       "         0.12043952, 0.40233233, 0.13951339, 0.14990658, 1.        ,\n",
       "         1.28078712, 1.25305517, 1.70030357, 1.67106846, 1.65893629]),\n",
       "  array([0.28727765, 0.11740037, 0.17316463, 0.1985734 , 0.04202624,\n",
       "         0.07549984, 0.27744095, 0.08689418, 0.09483811, 1.        ,\n",
       "         1.29016932, 1.26642376, 1.71525563, 1.68948337, 1.67989432]),\n",
       "  array([0.24009087, 0.07390256, 0.11488251, 0.15508803, 0.02321999,\n",
       "         0.04199777, 0.1771361 , 0.04730359, 0.05276783, 1.        ,\n",
       "         1.29875828, 1.2788424 , 1.72906633, 1.70633505, 1.69872926]),\n",
       "  array([0.19406199, 0.04144501, 0.07201084, 0.11969206, 0.01307163,\n",
       "         0.02219679, 0.10567327, 0.02141939, 0.02544283, 1.        ,\n",
       "         1.30411065, 1.2865902 , 1.73732101, 1.716348  , 1.71103199]),\n",
       "  array([0.15076932, 0.02117642, 0.04383152, 0.08847993, 0.00710323,\n",
       "         0.01032552, 0.06357197, 0.0089459 , 0.01050387, 1.        ,\n",
       "         1.30798734, 1.2922874 , 1.74263674, 1.72291917, 1.71933562]),\n",
       "  array([0.1120233 , 0.00987387, 0.02577069, 0.06305245, 0.00310254,\n",
       "         0.00285556, 0.0353474 , 0.00213696, 0.00346814, 1.        ,\n",
       "         1.31161966, 1.29658663, 1.74757771, 1.72837899, 1.72588682]),\n",
       "  array([1.        , 1.33343347, 1.31891412])],\n",
       " 'varcovs': [array([[ 3.13177730e-05,  1.18116717e-05, -7.15608070e-07,\n",
       "           7.56532344e-06,  6.57813865e-07,  1.52175897e-05,\n",
       "           5.23883601e-06, -6.38160533e-06,  3.91769135e-07,\n",
       "           0.00000000e+00,  4.49623315e-07, -8.97757848e-07,\n",
       "           3.50505437e-06,  1.57455718e-06, -1.09053161e-07],\n",
       "         [ 1.18116717e-05,  1.02440609e-05,  1.00751036e-05,\n",
       "           1.29338486e-05,  4.16287547e-06,  6.46846033e-06,\n",
       "           2.16170238e-05,  5.59475382e-06,  4.51114651e-06,\n",
       "           0.00000000e+00,  1.92888046e-06,  3.73414494e-06,\n",
       "           5.88832518e-06,  8.16280344e-06,  9.88630888e-06],\n",
       "         [-7.15608070e-07,  1.00751036e-05,  3.72971685e-05,\n",
       "           1.97625467e-05,  2.02648832e-06, -4.75597882e-06,\n",
       "           8.94953385e-05,  3.24053733e-05,  1.80166575e-05,\n",
       "           0.00000000e+00,  1.12306287e-05,  1.51775693e-05,\n",
       "           3.60814368e-05,  4.28786918e-05,  4.90836547e-05],\n",
       "         [ 7.56532344e-06,  1.29338486e-05,  1.97625467e-05,\n",
       "           5.77051478e-05,  2.88565485e-05,  2.03672385e-05,\n",
       "           7.14575199e-05,  3.57426275e-05,  2.88674072e-05,\n",
       "           0.00000000e+00,  8.66094338e-06,  1.32242723e-05,\n",
       "           2.65170560e-05,  3.16998067e-05,  3.58221851e-05],\n",
       "         [ 6.57813865e-07,  4.16287547e-06,  2.02648832e-06,\n",
       "           2.88565485e-05,  3.12315344e-05,  1.81443046e-05,\n",
       "           1.63240857e-05,  1.94956158e-05,  1.12252785e-05,\n",
       "           0.00000000e+00, -1.75098381e-06,  4.37688738e-06,\n",
       "          -5.04239331e-06,  1.80398340e-06,  5.88006246e-06],\n",
       "         [ 1.52175897e-05,  6.46846033e-06, -4.75597882e-06,\n",
       "           2.03672385e-05,  1.81443046e-05,  4.24567577e-05,\n",
       "          -5.01734150e-06, -2.50419570e-08,  1.26616017e-05,\n",
       "           0.00000000e+00, -2.05604574e-06, -5.12012620e-06,\n",
       "          -5.19429468e-06, -1.01522485e-05, -1.43135850e-05],\n",
       "         [ 5.23883601e-06,  2.16170238e-05,  8.94953385e-05,\n",
       "           7.14575199e-05,  1.63240857e-05, -5.01734150e-06,\n",
       "           3.53758378e-04,  1.56399098e-04,  1.19191208e-04,\n",
       "           0.00000000e+00,  4.07029806e-05,  5.35189788e-05,\n",
       "           1.37865538e-04,  1.59061226e-04,  1.78730698e-04],\n",
       "         [-6.38160533e-06,  5.59475382e-06,  3.24053733e-05,\n",
       "           3.57426275e-05,  1.94956158e-05, -2.50419570e-08,\n",
       "           1.56399098e-04,  1.05178510e-04,  7.44779974e-05,\n",
       "           0.00000000e+00,  1.35753083e-05,  2.19885403e-05,\n",
       "           4.19407200e-05,  5.59522454e-05,  6.86145536e-05],\n",
       "         [ 3.91769135e-07,  4.51114651e-06,  1.80166575e-05,\n",
       "           2.88674072e-05,  1.12252785e-05,  1.26616017e-05,\n",
       "           1.19191208e-04,  7.44779974e-05,  7.41535476e-05,\n",
       "           0.00000000e+00,  1.24441366e-05,  1.42801182e-05,\n",
       "           4.23322322e-05,  4.48619914e-05,  4.79433106e-05],\n",
       "         [ 0.00000000e+00,  0.00000000e+00,  0.00000000e+00,\n",
       "           0.00000000e+00,  0.00000000e+00,  0.00000000e+00,\n",
       "           0.00000000e+00,  0.00000000e+00,  0.00000000e+00,\n",
       "           0.00000000e+00,  0.00000000e+00,  0.00000000e+00,\n",
       "           0.00000000e+00,  0.00000000e+00,  0.00000000e+00],\n",
       "         [ 4.49623315e-07,  1.92888046e-06,  1.12306287e-05,\n",
       "           8.66094338e-06, -1.75098381e-06, -2.05604574e-06,\n",
       "           4.07029806e-05,  1.35753083e-05,  1.24441366e-05,\n",
       "           0.00000000e+00,  8.14995059e-06,  8.81754650e-06,\n",
       "           2.59912419e-05,  2.64034016e-05,  2.74367975e-05],\n",
       "         [-8.97757848e-07,  3.73414494e-06,  1.51775693e-05,\n",
       "           1.32242723e-05,  4.37688738e-06, -5.12012620e-06,\n",
       "           5.35189788e-05,  2.19885403e-05,  1.42801182e-05,\n",
       "           0.00000000e+00,  8.81754650e-06,  1.41558135e-05,\n",
       "           2.76491016e-05,  3.34372140e-05,  3.81406917e-05],\n",
       "         [ 3.50505437e-06,  5.88832518e-06,  3.60814368e-05,\n",
       "           2.65170560e-05, -5.04239331e-06, -5.19429468e-06,\n",
       "           1.37865538e-04,  4.19407200e-05,  4.23322322e-05,\n",
       "           0.00000000e+00,  2.59912419e-05,  2.76491016e-05,\n",
       "           8.83424556e-05,  8.90615335e-05,  9.16172646e-05],\n",
       "         [ 1.57455718e-06,  8.16280344e-06,  4.28786918e-05,\n",
       "           3.16998067e-05,  1.80398340e-06, -1.01522485e-05,\n",
       "           1.59061226e-04,  5.59522454e-05,  4.48619914e-05,\n",
       "           0.00000000e+00,  2.64034016e-05,  3.34372140e-05,\n",
       "           8.90615335e-05,  9.79221891e-05,  1.06488119e-04],\n",
       "         [-1.09053161e-07,  9.88630888e-06,  4.90836547e-05,\n",
       "           3.58221851e-05,  5.88006246e-06, -1.43135850e-05,\n",
       "           1.78730698e-04,  6.86145536e-05,  4.79433106e-05,\n",
       "           0.00000000e+00,  2.74367975e-05,  3.81406917e-05,\n",
       "           9.16172646e-05,  1.06488119e-04,  1.20368629e-04]]),\n",
       "  array([[ 3.94571794e-05,  1.22756828e-05,  1.13789201e-07,\n",
       "           5.55315244e-06,  3.92486737e-07,  3.10432188e-05,\n",
       "          -3.35729635e-06, -1.44351617e-05, -2.56087484e-07,\n",
       "           0.00000000e+00,  2.28922681e-07, -5.07450654e-06,\n",
       "           6.02060428e-06,  1.08767687e-06, -2.83246969e-06],\n",
       "         [ 1.22756828e-05,  1.37550939e-05,  1.31258076e-05,\n",
       "           1.41653773e-05,  6.25743792e-07,  5.03953333e-06,\n",
       "           8.92984613e-06, -5.17386908e-06,  2.55037381e-06,\n",
       "           0.00000000e+00,  2.00612629e-06,  2.81595756e-06,\n",
       "           6.03088733e-06,  6.48149958e-06,  6.32464426e-06],\n",
       "         [ 1.13789201e-07,  1.31258076e-05,  4.27230337e-05,\n",
       "           2.45575754e-05, -2.47818295e-06, -3.58020715e-06,\n",
       "           8.17765273e-05,  1.26129819e-05,  8.66907935e-06,\n",
       "           0.00000000e+00,  1.34073629e-05,  1.57680480e-05,\n",
       "           3.84933145e-05,  4.09714737e-05,  4.35599714e-05],\n",
       "         [ 5.55315244e-06,  1.41653773e-05,  2.45575754e-05,\n",
       "           7.59464768e-05,  3.21117091e-05,  3.39952353e-05,\n",
       "           7.42761890e-05,  2.41002259e-05,  2.87898388e-05,\n",
       "           0.00000000e+00,  1.14454204e-05,  1.13827585e-05,\n",
       "           3.12024889e-05,  3.14531331e-05,  3.23199898e-05],\n",
       "         [ 3.92486737e-07,  6.25743792e-07, -2.47818295e-06,\n",
       "           3.21117091e-05,  4.20876281e-05,  3.42725003e-05,\n",
       "           5.79260610e-06,  1.53074661e-05,  8.63372295e-06,\n",
       "           0.00000000e+00, -5.07046010e-06, -4.02929211e-06,\n",
       "          -1.53860178e-05, -1.27371112e-05, -1.09139921e-05],\n",
       "         [ 3.10432188e-05,  5.03953333e-06, -3.58020715e-06,\n",
       "           3.39952353e-05,  3.42725003e-05,  9.51923147e-05,\n",
       "           4.50083006e-06, -3.89647454e-06,  2.54902572e-05,\n",
       "           0.00000000e+00, -5.50459589e-07, -1.30947157e-05,\n",
       "           4.40242889e-06, -8.51813582e-06, -1.72867411e-05],\n",
       "         [-3.35729635e-06,  8.92984613e-06,  8.17765273e-05,\n",
       "           7.42761890e-05,  5.79260610e-06,  4.50083006e-06,\n",
       "           3.16206247e-04,  1.04882387e-04,  6.27531627e-05,\n",
       "           0.00000000e+00,  4.34487734e-05,  4.67031945e-05,\n",
       "           1.29965537e-04,  1.36627434e-04,  1.45644970e-04],\n",
       "         [-1.44351617e-05, -5.17386908e-06,  1.26129819e-05,\n",
       "           2.41002259e-05,  1.53074661e-05, -3.89647454e-06,\n",
       "           1.04882387e-04,  8.12030554e-05,  4.09673544e-05,\n",
       "           0.00000000e+00,  1.01549597e-05,  1.61956008e-05,\n",
       "           2.15181794e-05,  3.19729969e-05,  4.20409506e-05],\n",
       "         [-2.56087484e-07,  2.55037381e-06,  8.66907935e-06,\n",
       "           2.87898388e-05,  8.63372295e-06,  2.54902572e-05,\n",
       "           6.27531627e-05,  4.09673544e-05,  5.22852459e-05,\n",
       "           0.00000000e+00,  1.09996189e-05,  8.68348360e-06,\n",
       "           3.12351794e-05,  2.76277388e-05,  2.46643126e-05],\n",
       "         [ 0.00000000e+00,  0.00000000e+00,  0.00000000e+00,\n",
       "           0.00000000e+00,  0.00000000e+00,  0.00000000e+00,\n",
       "           0.00000000e+00,  0.00000000e+00,  0.00000000e+00,\n",
       "           0.00000000e+00,  0.00000000e+00,  0.00000000e+00,\n",
       "           0.00000000e+00,  0.00000000e+00,  0.00000000e+00],\n",
       "         [ 2.28922681e-07,  2.00612629e-06,  1.34073629e-05,\n",
       "           1.14454204e-05, -5.07046010e-06, -5.50459589e-07,\n",
       "           4.34487734e-05,  1.01549597e-05,  1.09996189e-05,\n",
       "           0.00000000e+00,  1.14957333e-05,  1.17949809e-05,\n",
       "           3.16859958e-05,  3.14834929e-05,  3.16578117e-05],\n",
       "         [-5.07450654e-06,  2.81595756e-06,  1.57680480e-05,\n",
       "           1.13827585e-05, -4.02929211e-06, -1.30947157e-05,\n",
       "           4.67031945e-05,  1.61956008e-05,  8.68348360e-06,\n",
       "           0.00000000e+00,  1.17949809e-05,  1.69706923e-05,\n",
       "           2.99606136e-05,  3.54148362e-05,  3.96910797e-05],\n",
       "         [ 6.02060428e-06,  6.03088733e-06,  3.84933145e-05,\n",
       "           3.12024889e-05, -1.53860178e-05,  4.40242889e-06,\n",
       "           1.29965537e-04,  2.15181794e-05,  3.12351794e-05,\n",
       "           0.00000000e+00,  3.16859958e-05,  2.99606136e-05,\n",
       "           9.52536154e-05,  9.11486431e-05,  8.90260517e-05],\n",
       "         [ 1.08767687e-06,  6.48149958e-06,  4.09714737e-05,\n",
       "           3.14531331e-05, -1.27371112e-05, -8.51813582e-06,\n",
       "           1.36627434e-04,  3.19729969e-05,  2.76277388e-05,\n",
       "           0.00000000e+00,  3.14834929e-05,  3.54148362e-05,\n",
       "           9.11486431e-05,  9.52227866e-05,  9.94539036e-05],\n",
       "         [-2.83246969e-06,  6.32464426e-06,  4.35599714e-05,\n",
       "           3.23199898e-05, -1.09139921e-05, -1.72867411e-05,\n",
       "           1.45644970e-04,  4.20409506e-05,  2.46643126e-05,\n",
       "           0.00000000e+00,  3.16578117e-05,  3.96910797e-05,\n",
       "           8.90260517e-05,  9.94539036e-05,  1.10255665e-04]]),\n",
       "  array([[ 2.73814308e-05,  1.09723612e-05,  5.12031786e-06,\n",
       "           9.20504887e-06,  7.01140939e-06,  1.06891232e-05,\n",
       "           2.80732337e-05,  1.39476239e-05,  1.12432334e-05,\n",
       "           0.00000000e+00,  1.13558231e-07,  7.13150040e-07,\n",
       "           5.47173611e-06,  7.55741047e-06,  1.05311056e-05],\n",
       "         [ 1.09723612e-05,  1.03661529e-05,  1.12297224e-05,\n",
       "           1.23480967e-05,  5.37541904e-06,  3.40144465e-06,\n",
       "           2.03028994e-05,  7.56015419e-06,  7.22892507e-06,\n",
       "           0.00000000e+00,  2.13804032e-06,  4.79332655e-06,\n",
       "           8.47804633e-06,  1.15379405e-05,  1.43584160e-05],\n",
       "         [ 5.12031786e-06,  1.12297224e-05,  3.14767888e-05,\n",
       "           2.53702904e-05,  7.36116977e-06,  6.22639534e-06,\n",
       "           7.33907146e-05,  2.57877757e-05,  1.93428032e-05,\n",
       "           0.00000000e+00,  1.06234963e-05,  1.42158389e-05,\n",
       "           3.44335027e-05,  3.87495173e-05,  4.31464760e-05],\n",
       "         [ 9.20504887e-06,  1.23480967e-05,  2.53702904e-05,\n",
       "           6.54267585e-05,  2.65873637e-05,  2.44860537e-05,\n",
       "           9.12145089e-05,  3.57718761e-05,  3.86879137e-05,\n",
       "           0.00000000e+00,  1.42265008e-05,  1.55983654e-05,\n",
       "           4.39473901e-05,  4.48924687e-05,  4.73517480e-05],\n",
       "         [ 7.01140939e-06,  5.37541904e-06,  7.36116977e-06,\n",
       "           2.65873637e-05,  3.19874584e-05,  2.45840655e-05,\n",
       "           2.97466163e-05,  2.28277384e-05,  1.50994187e-05,\n",
       "           0.00000000e+00, -5.34943672e-07,  3.75910581e-06,\n",
       "           1.70741201e-06,  7.66032073e-06,  1.20505729e-05],\n",
       "         [ 1.06891232e-05,  3.40144465e-06,  6.22639534e-06,\n",
       "           2.44860537e-05,  2.45840655e-05,  3.95076988e-05,\n",
       "           4.61460754e-05,  2.51394802e-05,  2.53540363e-05,\n",
       "           0.00000000e+00,  1.59601075e-06, -1.04748130e-06,\n",
       "           1.03523753e-05,  8.35345492e-06,  7.40292034e-06],\n",
       "         [ 2.80732337e-05,  2.03028994e-05,  7.33907146e-05,\n",
       "           9.12145089e-05,  2.97466163e-05,  4.61460754e-05,\n",
       "           3.31530700e-04,  1.30457771e-04,  1.13757963e-04,\n",
       "           0.00000000e+00,  3.38426205e-05,  3.40589141e-05,\n",
       "           1.23428529e-04,  1.26594624e-04,  1.32044110e-04],\n",
       "         [ 1.39476239e-05,  7.56015419e-06,  2.57877757e-05,\n",
       "           3.57718761e-05,  2.28277384e-05,  2.51394802e-05,\n",
       "           1.30457771e-04,  7.10243402e-05,  5.12707758e-05,\n",
       "           0.00000000e+00,  1.00619989e-05,  1.20282790e-05,\n",
       "           3.79594692e-05,  4.35565718e-05,  4.95432856e-05],\n",
       "         [ 1.12432334e-05,  7.22892507e-06,  1.93428032e-05,\n",
       "           3.86879137e-05,  1.50994187e-05,  2.53540363e-05,\n",
       "           1.13757963e-04,  5.12707758e-05,  6.52945299e-05,\n",
       "           0.00000000e+00,  1.13691907e-05,  8.57017053e-06,\n",
       "           4.42927400e-05,  3.97955101e-05,  3.58259841e-05],\n",
       "         [ 0.00000000e+00,  0.00000000e+00,  0.00000000e+00,\n",
       "           0.00000000e+00,  0.00000000e+00,  0.00000000e+00,\n",
       "           0.00000000e+00,  0.00000000e+00,  0.00000000e+00,\n",
       "           0.00000000e+00,  0.00000000e+00,  0.00000000e+00,\n",
       "           0.00000000e+00,  0.00000000e+00,  0.00000000e+00],\n",
       "         [ 1.13558231e-07,  2.13804032e-06,  1.06234963e-05,\n",
       "           1.42265008e-05, -5.34943672e-07,  1.59601075e-06,\n",
       "           3.38426205e-05,  1.00619989e-05,  1.13691907e-05,\n",
       "           0.00000000e+00,  8.53848951e-06,  8.31654058e-06,\n",
       "           2.51826820e-05,  2.41063734e-05,  2.39233606e-05],\n",
       "         [ 7.13150040e-07,  4.79332655e-06,  1.42158389e-05,\n",
       "           1.55983654e-05,  3.75910581e-06, -1.04748130e-06,\n",
       "           3.40589141e-05,  1.20282790e-05,  8.57017053e-06,\n",
       "           0.00000000e+00,  8.31654058e-06,  1.23099572e-05,\n",
       "           2.45135000e-05,  2.83897539e-05,  3.18184207e-05],\n",
       "         [ 5.47173611e-06,  8.47804633e-06,  3.44335027e-05,\n",
       "           4.39473901e-05,  1.70741201e-06,  1.03523753e-05,\n",
       "           1.23428529e-04,  3.79594692e-05,  4.42927400e-05,\n",
       "           0.00000000e+00,  2.51826820e-05,  2.45135000e-05,\n",
       "           8.08479979e-05,  7.76256212e-05,  7.67671673e-05],\n",
       "         [ 7.55741047e-06,  1.15379405e-05,  3.87495173e-05,\n",
       "           4.48924687e-05,  7.66032073e-06,  8.35345492e-06,\n",
       "           1.26594624e-04,  4.35565718e-05,  3.97955101e-05,\n",
       "           0.00000000e+00,  2.41063734e-05,  2.83897539e-05,\n",
       "           7.76256212e-05,  8.20290586e-05,  8.73265049e-05],\n",
       "         [ 1.05311056e-05,  1.43584160e-05,  4.31464760e-05,\n",
       "           4.73517480e-05,  1.20505729e-05,  7.40292034e-06,\n",
       "           1.32044110e-04,  4.95432856e-05,  3.58259841e-05,\n",
       "           0.00000000e+00,  2.39233606e-05,  3.18184207e-05,\n",
       "           7.67671673e-05,  8.73265049e-05,  9.87341307e-05]]),\n",
       "  array([[ 2.10102991e-05,  8.23179396e-06,  4.22792636e-06,\n",
       "           5.51044310e-06, -7.95814322e-08,  7.83661728e-06,\n",
       "           6.31421281e-06, -3.20466690e-07, -9.08693726e-07,\n",
       "           0.00000000e+00,  2.18435648e-06,  2.40520264e-06,\n",
       "           5.72046503e-06,  5.29505927e-06,  4.88789974e-06],\n",
       "         [ 8.23179396e-06,  9.28213745e-06,  1.09541285e-05,\n",
       "           9.24262271e-06, -9.05539524e-07, -3.01025634e-07,\n",
       "           1.65833142e-05,  4.47413605e-06,  4.82279175e-06,\n",
       "           0.00000000e+00,  2.62243924e-06,  3.89068214e-06,\n",
       "           6.73695343e-06,  7.28456784e-06,  7.94426507e-06],\n",
       "         [ 4.22792636e-06,  1.09541285e-05,  3.29398775e-05,\n",
       "           1.77038749e-05, -5.71826453e-06, -1.01016560e-06,\n",
       "           7.20535850e-05,  2.16475711e-05,  1.53180959e-05,\n",
       "           0.00000000e+00,  1.11715124e-05,  1.06218785e-05,\n",
       "           3.39943341e-05,  3.39069666e-05,  3.57477888e-05],\n",
       "         [ 5.51044310e-06,  9.24262271e-06,  1.77038749e-05,\n",
       "           4.00120817e-05,  1.10554723e-05,  4.97289443e-06,\n",
       "           6.60203084e-05,  2.27556175e-05,  1.86813923e-05,\n",
       "           0.00000000e+00,  1.11736599e-05,  1.26491108e-05,\n",
       "           3.49143977e-05,  3.59245605e-05,  3.84113678e-05],\n",
       "         [-7.95814322e-08, -9.05539524e-07, -5.71826453e-06,\n",
       "           1.10554723e-05,  2.14031547e-05,  1.10274311e-05,\n",
       "          -5.30074438e-06,  6.91342088e-06,  2.04780416e-06,\n",
       "           0.00000000e+00, -4.65027237e-06, -2.05518606e-06,\n",
       "          -1.12271116e-05, -7.44273580e-06, -4.67379954e-06],\n",
       "         [ 7.83661728e-06, -3.01025634e-07, -1.01016560e-06,\n",
       "           4.97289443e-06,  1.10274311e-05,  3.37577940e-05,\n",
       "           3.60464842e-06, -7.85638791e-07,  1.01252183e-05,\n",
       "           0.00000000e+00,  3.71523431e-07, -4.09899505e-06,\n",
       "           5.60762088e-06,  5.57217011e-07, -2.59553982e-06],\n",
       "         [ 6.31421281e-06,  1.65833142e-05,  7.20535850e-05,\n",
       "           6.60203084e-05, -5.30074438e-06,  3.60464842e-06,\n",
       "           2.75258035e-04,  9.52568277e-05,  7.23393089e-05,\n",
       "           0.00000000e+00,  3.84918587e-05,  3.60212077e-05,\n",
       "           1.26660766e-04,  1.25782050e-04,  1.31671493e-04],\n",
       "         [-3.20466690e-07,  4.47413605e-06,  2.16475711e-05,\n",
       "           2.27556175e-05,  6.91342088e-06, -7.85638791e-07,\n",
       "           9.52568277e-05,  5.36496246e-05,  3.34031341e-05,\n",
       "           0.00000000e+00,  8.88760229e-06,  1.06805332e-05,\n",
       "           2.97406500e-05,  3.39238008e-05,  3.99648036e-05],\n",
       "         [-9.08693726e-07,  4.82279175e-06,  1.53180959e-05,\n",
       "           1.86813923e-05,  2.04780416e-06,  1.01252183e-05,\n",
       "           7.23393089e-05,  3.34031341e-05,  4.01360907e-05,\n",
       "           0.00000000e+00,  9.24144004e-06,  7.31316541e-06,\n",
       "           3.32681425e-05,  3.08963280e-05,  3.14845579e-05],\n",
       "         [ 0.00000000e+00,  0.00000000e+00,  0.00000000e+00,\n",
       "           0.00000000e+00,  0.00000000e+00,  0.00000000e+00,\n",
       "           0.00000000e+00,  0.00000000e+00,  0.00000000e+00,\n",
       "           0.00000000e+00,  0.00000000e+00,  0.00000000e+00,\n",
       "           0.00000000e+00,  0.00000000e+00,  0.00000000e+00],\n",
       "         [ 2.18435648e-06,  2.62243924e-06,  1.11715124e-05,\n",
       "           1.11736599e-05, -4.65027237e-06,  3.71523431e-07,\n",
       "           3.84918587e-05,  8.88760229e-06,  9.24144004e-06,\n",
       "           0.00000000e+00,  9.43099827e-06,  8.16479981e-06,\n",
       "           2.85101759e-05,  2.68593869e-05,  2.66807938e-05],\n",
       "         [ 2.40520264e-06,  3.89068214e-06,  1.06218785e-05,\n",
       "           1.26491108e-05, -2.05518606e-06, -4.09899505e-06,\n",
       "           3.60212077e-05,  1.06805332e-05,  7.31316541e-06,\n",
       "           0.00000000e+00,  8.16479981e-06,  9.62478585e-06,\n",
       "           2.38976128e-05,  2.53692123e-05,  2.71583564e-05],\n",
       "         [ 5.72046503e-06,  6.73695343e-06,  3.39943341e-05,\n",
       "           3.49143977e-05, -1.12271116e-05,  5.60762088e-06,\n",
       "           1.26660766e-04,  2.97406500e-05,  3.32681425e-05,\n",
       "           0.00000000e+00,  2.85101759e-05,  2.38976128e-05,\n",
       "           9.06096154e-05,  8.48418247e-05,  8.38403210e-05],\n",
       "         [ 5.29505927e-06,  7.28456784e-06,  3.39069666e-05,\n",
       "           3.59245605e-05, -7.44273580e-06,  5.57217011e-07,\n",
       "           1.25782050e-04,  3.39238008e-05,  3.08963280e-05,\n",
       "           0.00000000e+00,  2.68593869e-05,  2.53692123e-05,\n",
       "           8.48418247e-05,  8.37713049e-05,  8.62676110e-05],\n",
       "         [ 4.88789974e-06,  7.94426507e-06,  3.57477888e-05,\n",
       "           3.84113678e-05, -4.67379954e-06, -2.59553982e-06,\n",
       "           1.31671493e-04,  3.99648036e-05,  3.14845579e-05,\n",
       "           0.00000000e+00,  2.66807938e-05,  2.71583564e-05,\n",
       "           8.38403210e-05,  8.62676110e-05,  9.21734903e-05]]),\n",
       "  array([[ 1.75107157e-05,  4.60492208e-06,  1.60774110e-06,\n",
       "           3.54012574e-06,  9.08358996e-07,  9.29447398e-06,\n",
       "           1.33580102e-05,  2.91074828e-06,  1.52203312e-06,\n",
       "           0.00000000e+00,  1.79003238e-06,  5.21452509e-07,\n",
       "           7.96129445e-06,  6.50190813e-06,  6.19678971e-06],\n",
       "         [ 4.60492208e-06,  5.03047571e-06,  6.24864893e-06,\n",
       "           5.45451229e-06, -2.96208778e-07,  1.56393847e-07,\n",
       "           1.23306080e-05,  2.81855308e-06,  1.71020818e-06,\n",
       "           0.00000000e+00,  1.90465497e-06,  2.98283258e-06,\n",
       "           5.71159284e-06,  6.90281512e-06,  7.98924755e-06],\n",
       "         [ 1.60774110e-06,  6.24864893e-06,  2.33395049e-05,\n",
       "           1.70655127e-05, -1.62617739e-06, -2.54853861e-06,\n",
       "           6.31067145e-05,  1.95878876e-05,  1.30834639e-05,\n",
       "           0.00000000e+00,  9.71683449e-06,  1.02244917e-05,\n",
       "           3.02280889e-05,  3.17258205e-05,  3.40280897e-05],\n",
       "         [ 3.54012574e-06,  5.45451229e-06,  1.70655127e-05,\n",
       "           3.42221765e-05,  1.04647846e-05,  9.97385345e-06,\n",
       "           6.84590925e-05,  2.64496839e-05,  2.24753147e-05,\n",
       "           0.00000000e+00,  1.11679335e-05,  1.16101686e-05,\n",
       "           3.45067615e-05,  3.56403193e-05,  3.79016237e-05],\n",
       "         [ 9.08358996e-07, -2.96208778e-07, -1.62617739e-06,\n",
       "           1.04647846e-05,  1.79852193e-05,  1.48664639e-05,\n",
       "           9.56716852e-06,  1.33840329e-05,  1.06443304e-05,\n",
       "           0.00000000e+00, -2.01544362e-06, -5.03963953e-07,\n",
       "          -4.17675316e-06, -1.43730404e-06,  8.31112811e-07],\n",
       "         [ 9.29447398e-06,  1.56393847e-07, -2.54853861e-06,\n",
       "           9.97385345e-06,  1.48664639e-05,  3.60372853e-05,\n",
       "           1.08640761e-05,  9.93155553e-06,  1.76323105e-05,\n",
       "           0.00000000e+00, -1.24689402e-07, -4.77230905e-06,\n",
       "           2.58336714e-06, -2.53987054e-06, -4.88138227e-06],\n",
       "         [ 1.33580102e-05,  1.23306080e-05,  6.31067145e-05,\n",
       "           6.84590925e-05,  9.56716852e-06,  1.08640761e-05,\n",
       "           2.65752766e-04,  9.92248551e-05,  7.95226776e-05,\n",
       "           0.00000000e+00,  3.57355272e-05,  3.39635044e-05,\n",
       "           1.19545227e-04,  1.21360862e-04,  1.27718377e-04],\n",
       "         [ 2.91074828e-06,  2.81855308e-06,  1.95878876e-05,\n",
       "           2.64496839e-05,  1.33840329e-05,  9.93155553e-06,\n",
       "           9.92248551e-05,  5.28393872e-05,  3.83349583e-05,\n",
       "           0.00000000e+00,  9.67600176e-06,  1.02821067e-05,\n",
       "           3.14874943e-05,  3.47569824e-05,  3.90375313e-05],\n",
       "         [ 1.52203312e-06,  1.71020818e-06,  1.30834639e-05,\n",
       "           2.24753147e-05,  1.06443304e-05,  1.76323105e-05,\n",
       "           7.95226776e-05,  3.83349583e-05,  4.41745416e-05,\n",
       "           0.00000000e+00,  9.48062230e-06,  6.73659024e-06,\n",
       "           3.36282200e-05,  3.07418403e-05,  2.93662365e-05],\n",
       "         [ 0.00000000e+00,  0.00000000e+00,  0.00000000e+00,\n",
       "           0.00000000e+00,  0.00000000e+00,  0.00000000e+00,\n",
       "           0.00000000e+00,  0.00000000e+00,  0.00000000e+00,\n",
       "           0.00000000e+00,  0.00000000e+00,  0.00000000e+00,\n",
       "           0.00000000e+00,  0.00000000e+00,  0.00000000e+00],\n",
       "         [ 1.79003238e-06,  1.90465497e-06,  9.71683449e-06,\n",
       "           1.11679335e-05, -2.01544362e-06, -1.24689402e-07,\n",
       "           3.57355272e-05,  9.67600176e-06,  9.48062230e-06,\n",
       "           0.00000000e+00,  8.08320361e-06,  7.62484644e-06,\n",
       "           2.47613684e-05,  2.38394426e-05,  2.36033952e-05],\n",
       "         [ 5.21452509e-07,  2.98283258e-06,  1.02244917e-05,\n",
       "           1.16101686e-05, -5.03963953e-07, -4.77230905e-06,\n",
       "           3.39635044e-05,  1.02821067e-05,  6.73659024e-06,\n",
       "           0.00000000e+00,  7.62484644e-06,  1.02843632e-05,\n",
       "           2.25631403e-05,  2.52737729e-05,  2.73034043e-05],\n",
       "         [ 7.96129445e-06,  5.71159284e-06,  3.02280889e-05,\n",
       "           3.45067615e-05, -4.17675316e-06,  2.58336714e-06,\n",
       "           1.19545227e-04,  3.14874943e-05,  3.36282200e-05,\n",
       "           0.00000000e+00,  2.47613684e-05,  2.25631403e-05,\n",
       "           8.12437363e-05,  7.75036273e-05,  7.63838727e-05],\n",
       "         [ 6.50190813e-06,  6.90281512e-06,  3.17258205e-05,\n",
       "           3.56403193e-05, -1.43730404e-06, -2.53987054e-06,\n",
       "           1.21360862e-04,  3.47569824e-05,  3.07418403e-05,\n",
       "           0.00000000e+00,  2.38394426e-05,  2.52737729e-05,\n",
       "           7.75036273e-05,  7.89737674e-05,  8.16061525e-05],\n",
       "         [ 6.19678971e-06,  7.98924755e-06,  3.40280897e-05,\n",
       "           3.79016237e-05,  8.31112811e-07, -4.88138227e-06,\n",
       "           1.27718377e-04,  3.90375313e-05,  2.93662365e-05,\n",
       "           0.00000000e+00,  2.36033952e-05,  2.73034043e-05,\n",
       "           7.63838727e-05,  8.16061525e-05,  8.76624591e-05]]),\n",
       "  array([[ 2.05596165e-05,  7.38626250e-06,  5.19523956e-06,\n",
       "           4.75078313e-06, -3.71815449e-08,  8.08382668e-06,\n",
       "           1.35414005e-05,  2.46146288e-06,  1.60813437e-06,\n",
       "           0.00000000e+00,  2.10533270e-06,  9.89196901e-07,\n",
       "           7.86481748e-06,  7.23972411e-06,  7.31544204e-06],\n",
       "         [ 7.38626250e-06,  5.73286970e-06,  7.76935837e-06,\n",
       "           6.60363273e-06,  2.80016108e-07,  4.85947228e-07,\n",
       "           1.58699957e-05,  4.43397371e-06,  3.43980080e-06,\n",
       "           0.00000000e+00,  2.18578664e-06,  2.90243063e-06,\n",
       "           6.72547625e-06,  7.73112753e-06,  8.83273193e-06],\n",
       "         [ 5.19523956e-06,  7.76935837e-06,  2.55062409e-05,\n",
       "           1.71505884e-05, -4.84750127e-07, -1.39713859e-06,\n",
       "           6.57590939e-05,  2.35391787e-05,  1.63008786e-05,\n",
       "           0.00000000e+00,  1.14230170e-05,  1.31337757e-05,\n",
       "           3.44195780e-05,  3.70868472e-05,  4.06309088e-05],\n",
       "         [ 4.75078313e-06,  6.60363273e-06,  1.71505884e-05,\n",
       "           2.96301497e-05,  8.66879235e-06,  7.52661732e-06,\n",
       "           5.42009859e-05,  2.26314768e-05,  1.91117743e-05,\n",
       "           0.00000000e+00,  9.61609700e-06,  1.07165269e-05,\n",
       "           2.85467636e-05,  3.00534592e-05,  3.22678934e-05],\n",
       "         [-3.71815449e-08,  2.80016108e-07, -4.84750127e-07,\n",
       "           8.66879235e-06,  1.18487195e-05,  5.83425917e-06,\n",
       "           1.48846876e-06,  5.86860369e-06,  3.23756402e-06,\n",
       "           0.00000000e+00, -2.23509176e-06, -8.49899630e-07,\n",
       "          -5.50311588e-06, -3.59145254e-06, -2.63196969e-06],\n",
       "         [ 8.08382668e-06,  4.85947228e-07, -1.39713859e-06,\n",
       "           7.52661732e-06,  5.83425917e-06,  1.99948235e-05,\n",
       "           1.09011451e-06,  1.45394277e-06,  6.35285845e-06,\n",
       "           0.00000000e+00,  1.45640136e-06, -2.56906640e-06,\n",
       "           4.25735075e-06, -4.36420282e-07, -4.10395649e-06],\n",
       "         [ 1.35414005e-05,  1.58699957e-05,  6.57590939e-05,\n",
       "           5.42009859e-05,  1.48846876e-06,  1.09011451e-06,\n",
       "           2.37191457e-04,  9.22287388e-05,  7.01117046e-05,\n",
       "           0.00000000e+00,  3.89539848e-05,  4.25240878e-05,\n",
       "           1.24765501e-04,  1.31796754e-04,  1.42734596e-04],\n",
       "         [ 2.46146288e-06,  4.43397371e-06,  2.35391787e-05,\n",
       "           2.26314768e-05,  5.86860369e-06,  1.45394277e-06,\n",
       "           9.22287388e-05,  4.72484329e-05,  3.14875519e-05,\n",
       "           0.00000000e+00,  1.31276322e-05,  1.55108877e-05,\n",
       "           4.12586595e-05,  4.59393096e-05,  5.20657762e-05],\n",
       "         [ 1.60813437e-06,  3.43980080e-06,  1.63008786e-05,\n",
       "           1.91117743e-05,  3.23756402e-06,  6.35285845e-06,\n",
       "           7.01117046e-05,  3.14875519e-05,  3.19524338e-05,\n",
       "           0.00000000e+00,  1.20278198e-05,  1.08292759e-05,\n",
       "           3.84533956e-05,  3.71500253e-05,  3.74289573e-05],\n",
       "         [ 0.00000000e+00,  0.00000000e+00,  0.00000000e+00,\n",
       "           0.00000000e+00,  0.00000000e+00,  0.00000000e+00,\n",
       "           0.00000000e+00,  0.00000000e+00,  0.00000000e+00,\n",
       "           0.00000000e+00,  0.00000000e+00,  0.00000000e+00,\n",
       "           0.00000000e+00,  0.00000000e+00,  0.00000000e+00],\n",
       "         [ 2.10533270e-06,  2.18578664e-06,  1.14230170e-05,\n",
       "           9.61609700e-06, -2.23509176e-06,  1.45640136e-06,\n",
       "           3.89539848e-05,  1.31276322e-05,  1.20278198e-05,\n",
       "           0.00000000e+00,  9.09593933e-06,  8.47693759e-06,\n",
       "           2.72086189e-05,  2.65290932e-05,  2.69504399e-05],\n",
       "         [ 9.89196901e-07,  2.90243063e-06,  1.31337757e-05,\n",
       "           1.07165269e-05, -8.49899630e-07, -2.56906640e-06,\n",
       "           4.25240878e-05,  1.55108877e-05,  1.08292759e-05,\n",
       "           0.00000000e+00,  8.47693759e-06,  1.04624684e-05,\n",
       "           2.55635346e-05,  2.81668568e-05,  3.11166223e-05],\n",
       "         [ 7.86481748e-06,  6.72547625e-06,  3.44195780e-05,\n",
       "           2.85467636e-05, -5.50311588e-06,  4.25735075e-06,\n",
       "           1.24765501e-04,  4.12586595e-05,  3.84533956e-05,\n",
       "           0.00000000e+00,  2.72086189e-05,  2.55635346e-05,\n",
       "           8.55477959e-05,  8.36052494e-05,  8.49512372e-05],\n",
       "         [ 7.23972411e-06,  7.73112753e-06,  3.70868472e-05,\n",
       "           3.00534592e-05, -3.59145254e-06, -4.36420282e-07,\n",
       "           1.31796754e-04,  4.59393096e-05,  3.71500253e-05,\n",
       "           0.00000000e+00,  2.65290932e-05,  2.81668568e-05,\n",
       "           8.36052494e-05,  8.65003201e-05,  9.17929477e-05],\n",
       "         [ 7.31544204e-06,  8.83273193e-06,  4.06309088e-05,\n",
       "           3.22678934e-05, -2.63196969e-06, -4.10395649e-06,\n",
       "           1.42734596e-04,  5.20657762e-05,  3.74289573e-05,\n",
       "           0.00000000e+00,  2.69504399e-05,  3.11166223e-05,\n",
       "           8.49512372e-05,  9.17929477e-05,  1.00789607e-04]]),\n",
       "  array([[ 1.81795633e-05,  5.68152746e-06,  4.00629016e-06,\n",
       "           1.81336799e-06,  1.86284019e-07,  7.10352275e-06,\n",
       "           1.23254140e-05,  1.29473048e-06,  5.98681214e-07,\n",
       "           0.00000000e+00,  2.09483950e-06,  1.74038847e-06,\n",
       "           8.31421270e-06,  8.15385640e-06,  8.35708579e-06],\n",
       "         [ 5.68152746e-06,  3.66311828e-06,  4.38815680e-06,\n",
       "           2.99527673e-06, -1.15638138e-08,  1.80640004e-07,\n",
       "           8.05667425e-06,  1.15027608e-06, -2.06199386e-07,\n",
       "           0.00000000e+00,  1.26897485e-06,  2.14149085e-06,\n",
       "           4.19884862e-06,  5.29667654e-06,  6.32765986e-06],\n",
       "         [ 4.00629016e-06,  4.38815680e-06,  1.77610751e-05,\n",
       "           1.24898441e-05, -4.90393069e-07, -9.89070305e-07,\n",
